# Fix print output for fix extra
0 600 23209.0500123314 -62.3501309480551 -62.350432718108 0.000301770052871704 -15961.6335227021 -15961.7107758356 0.0772531335351563 288309.403606759
0.01 579.487577226168 23209.0500123314 -62.3501309470873 -62.3504224004153 0.000291453328030061 -15961.6335224543 -15961.7081345063 0.0746120519756956 289509.576712319
0.02 521.407958772176 23209.0500123314 -62.3501309439799 -62.3503931861587 0.000262242178810678 -15961.6335216588 -15961.7006556566 0.0671339977755336 292871.360531856
0.03 436.266603352774 23209.0500123314 -62.3501309388825 -62.3503503592091 0.000219420326599875 -15961.6335203539 -15961.6896919575 0.0561716036095681 297717.311800194
0.04 340.800269332139 23209.0500123314 -62.3501309326303 -62.3503023381558 0.000171405525491751 -15961.6335187534 -15961.6773985679 0.0438798145258883 303095.347929201
0.05 254.905442692049 23209.0500123314 -62.3501309271112 -62.350259131826 0.000128204714864108 -15961.6335173405 -15961.6663377475 0.0328204070052117 307972.815537417
0.06 195.851402739432 23209.0500123314 -62.3501309243624 -62.3502294278426 9.85034802661261e-05 -15961.6335166368 -15961.6587335277 0.0252168909481283 311497.142022255
0.07 172.215705075122 23209.0500123314 -62.3501309253717 -62.3502175412758 8.66159040430954e-05 -15961.6335168952 -15961.6556905666 0.0221736714350324 313271.89947254
0.08 181.05903864087 23209.0500123314 -62.3501309293569 -62.3502219930164 9.10636594392585e-05 -15961.6335179154 -15961.6568302122 0.0233122968164502 313434.866920951
0.09 210.231012824623 23209.0500123314 -62.3501309343634 -62.3502366700699 0.000105735706425597 -15961.633519197 -15961.6605875379 0.0270683408449529 312521.028357019
0.1 244.222214101488 23209.0500123314 -62.3501309384341 -62.3502537700182 0.000122831584103084 -15961.6335202391 -15961.6649651247 0.0314448855303896 311244.27640917
0.11 270.158027411679 23209.0500123314 -62.3501309404521 -62.3502668164558 0.000135876003692896 -15961.6335207557 -15961.6683050127 0.0347842569453815 310218.771296167
0.12 281.399247991338 23209.0500123314 -62.3501309402761 -62.3502724700526 0.000141529776574006 -15961.6335207107 -15961.6697523335 0.0362316228029456 309793.322398016
0.13 278.174892580099 23209.0500123314 -62.3501309384662 -62.350270846553 0.000139908086735795 -15961.6335202474 -15961.6693367176 0.0358164702043635 309991.041789841
0.14 265.922108463099 23209.0500123314 -62.3501309359653 -62.3502646815132 0.000133745547884441 -15961.6335196071 -15961.6677584674 0.0342388602584168 310587.730608415
0.15 252.383873118465 23209.0500123314 -62.3501309337376 -62.3502578702289 0.000126936491224875 -15961.6335190368 -15961.6660147786 0.0324957417535679 311218.919560884
0.16 244.60864523145 23209.0500123314 -62.3501309324402 -62.3502539583798 0.000123025939673951 -15961.6335187047 -15961.6650133452 0.0314946405565314 311535.658642036
0.17 246.821327043596 23209.0500123314 -62.3501309322819 -62.3502550710901 0.00012413880818635 -15961.6335186642 -15961.6652981991 0.0317795348957056 311321.203960456
0.18 259.645855466053 23209.0500123314 -62.3501309331125 -62.3502615220184 0.000130588905886516 -15961.6335188768 -15961.6669496367 0.0334307599069482 310536.96889732
0.19 280.512241570972 23209.0500123314 -62.3501309345655 -62.3502720182222 0.000141083656616721 -15961.6335192488 -15961.6696366649 0.0361174160938805 309317.718880831
0.2 304.768668496691 23209.0500123314 -62.3501309362293 -62.350284219658 0.000153283428676475 -15961.6335196747 -15961.6727602324 0.0392405577411777 307918.4498484
0.21 327.015492345068 23209.0500123314 -62.350130937729 -62.3502954101997 0.000164472470691396 -15961.6335200586 -15961.6756250111 0.0421049524969973 306644.84077216
0.22 342.406491583952 23209.0500123314 -62.3501309386909 -62.350303152066 0.00017221337511484 -15961.6335203049 -15961.6776069289 0.044086624029399 305754.436429826
0.23 347.823196603987 23209.0500123314 -62.3501309388817 -62.3503058765891 0.000174937707381984 -15961.6335203537 -15961.6783044068 0.0447840530897879 305401.846349717
0.24 342.684381393612 23209.0500123314 -62.3501309382047 -62.3503032913445 0.000172353139819096 -15961.6335201804 -15961.6776425842 0.0441224037936885 305603.313593221
0.25 329.181148167628 23209.0500123314 -62.3501309368499 -62.3502964985373 0.000165561687478189 -15961.6335198336 -15961.6759036256 0.0423837919944164 306229.700981378
0.26 311.671138105541 23209.0500123314 -62.3501309352196 -62.350287690246 0.000156755026374489 -15961.6335194162 -15961.673648703 0.0401292867518692 307062.817994678
0.27 295.368429126635 23209.0500123314 -62.3501309338329 -62.3502794894103 0.000148555577456961 -15961.6335190612 -15961.671549289 0.0380302278289821 307837.671887039
0.28 284.738626844503 23209.0500123314 -62.3501309331065 -62.350274142424 0.00014320931746247 -15961.6335188753 -15961.6701804605 0.0366615852703924 308338.814226603
0.29 282.167282353941 23209.0500123314 -62.3501309332157 -62.3502728492752 0.000141916059524356 -15961.6335189032 -15961.6698494144 0.0363305112382352 308456.850631601
0.3 287.413055346532 23209.0500123314 -62.3501309340063 -62.3502754884278 0.000144554421513235 -15961.6335191056 -15961.6705250375 0.0370059319073882 308200.507559004
0.31 298.03984111101 23209.0500123314 -62.3501309351328 -62.3502808342972 0.000149899164349906 -15961.633519394 -15961.6718935801 0.038374186073576 307688.977890226
0.32 310.451562042649 23209.0500123314 -62.3501309362573 -62.3502870778977 0.000156141640486189 -15961.6335196819 -15961.6734919418 0.0399722599644644 307104.420767277
0.33 320.959075518692 23209.0500123314 -62.3501309371634 -62.3502923635588 0.000161426395314882 -15961.6335199138 -15961.674845071 0.0413251572006097 306644.815323159
0.34 326.568095218573 23209.0500123314 -62.3501309376578 -62.3502951851101 0.000164247452267201 -15961.6335200404 -15961.6755673882 0.0420473477804034 306451.904147436
0.35 325.583997770099 23209.0500123314 -62.3501309376514 -62.3502946901517 0.000163752500368773 -15961.6335200387 -15961.6754406788 0.0419206400944058 306597.872476431
0.36 317.971739759581 23209.0500123314 -62.3501309371018 -62.3502908610163 0.000159923914531594 -15961.6335198981 -15961.6744604202 0.0409405221200882 307053.140356525
0.37 305.434877602 23209.0500123314 -62.3501309361181 -62.3502845546167 0.000153618498604697 -15961.6335196462 -15961.6728459819 0.0393263356428023 307711.040850537
0.38 291.051694257391 23209.0500123314 -62.3501309349571 -62.3502773194324 0.000146384475274086 -15961.633519349 -15961.6709937747 0.0374744256701661 308417.636893387
0.39 278.466822477303 23209.0500123314 -62.3501309339355 -62.3502709888484 0.000140054912903318 -15961.6335190875 -15961.6693731452 0.0358540577032495 308997.571607895
0.4 270.873465069975 23209.0500123314 -62.3501309333432 -62.3502671691764 0.00013623583312618 -15961.6335189359 -15961.6683953092 0.0348763732803021 309303.730152232
0.41 270.129392268075 23209.0500123314 -62.3501309333374 -62.350266794939 0.000135861601644897 -15961.6335189344 -15961.6682995044 0.0347805700210937 309262.546875106
0.42 276.242054630943 23209.0500123314 -62.3501309339408 -62.3502698699065 0.000138935965718946 -15961.6335190888 -15961.6690866961 0.0355676072240503 308896.999468878
0.43 287.31338368788 23209.0500123314 -62.3501309350058 -62.3502754392974 0.000144504291643733 -15961.6335193615 -15961.6705124601 0.0369930986607956 308310.781038057
0.44 300.023088363534 23209.0500123314 -62.350130936242 -62.3502818328807 0.000150896638730326 -15961.6335196779 -15961.6721492175 0.0386295395149635 307672.227221029
0.45 310.55070360992 23209.0500123314 -62.3501309372765 -62.3502871287803 0.000156191503746184 -15961.6335199428 -15961.6735049677 0.0399850249590231 307167.925839946
0.46 315.755458449192 23209.0500123314 -62.3501309377457 -62.3502897469814 0.000158809235651236 -15961.6335200629 -15961.6741752272 0.0406551643267165 306933.472724799
0.47 314.291196219437 23209.0500123314 -62.3501309374259 -62.3502890102108 0.000158072784833751 -15961.633519981 -15961.673986614 0.0404666329174403 307021.984492274
0.48 307.241519457919 23209.0500123314 -62.3501309363814 -62.3502854635306 0.000154527149285331 -15961.6335197136 -15961.6730786638 0.0395589502170448 307365.619641792
0.49 297.885236441297 23209.0500123314 -62.3501309349864 -62.3502807563923 0.00014982140591765 -15961.6335193565 -15961.6718736364 0.0383542799149185 307805.843779168
0.5 290.520082653222 23209.0500123314 -62.3501309338234 -62.3502770509246 0.000146117101170924 -15961.6335190588 -15961.6709250367 0.0374059778997567 308144.922290713
0.51 288.678816539538 23209.0500123314 -62.3501309334016 -62.3502761244378 0.000145191036216795 -15961.6335189508 -15961.6706878561 0.0371689052714996 308231.728097235
0.52 293.61131937991 23209.0500123314 -62.3501309338846 -62.3502786057235 0.00014767183895501 -15961.6335190745 -15961.6713230652 0.0378039907724827 308008.971160839
0.53 303.780420651183 23209.0500123314 -62.3501309350404 -62.3502837214298 0.000152786389335493 -15961.6335193704 -15961.672632686 0.0391133156698863 307542.18386725
0.54 315.550264807361 23209.0500123314 -62.3501309363894 -62.3502896424229 0.000158706033490996 -15961.6335197157 -15961.6741484603 0.040628744573695 306996.628060022
0.55 324.648303598853 23209.0500123314 -62.3501309374626 -62.3502942193555 0.000163281892902892 -15961.6335199904 -15961.675320155 0.0418001645831402 306558.976746259
0.56 327.655637364236 23209.0500123314 -62.3501309379073 -62.350295732339 0.000164794431685196 -15961.6335201043 -15961.6757074788 0.0421873745114101 306385.200010477
0.57 323.115197560487 23209.0500123314 -62.3501309375734 -62.3502934483905 0.000162510817085799 -15961.6335200188 -15961.675122788 0.0416027691739645 306544.50805202
0.58 312.015914427903 23209.0500123314 -62.3501309365426 -62.3502878649742 0.000156928431656202 -15961.6335197549 -15961.6736934334 0.0401736785039878 306987.777068201
0.59 297.541061238669 23209.0500123314 -62.3501309351093 -62.3502805834123 0.00014964830296916 -15961.633519388 -15961.6718293535 0.038309965560105 307575.04206186
0.6 284.118641313639 23209.0500123314 -62.3501309337134 -62.3502738312091 0.000142897495685089 -15961.6335190306 -15961.6701007895 0.0365817588953829 308111.878014243
0.61 276.062344689029 23209.0500123314 -62.3501309327939 -62.3502697783745 0.000138845580587825 -15961.6335187952 -15961.6690632639 0.0355444686304832 308391.770291037
0.62 276.224326564712 23209.0500123314 -62.3501309326142 -62.3502698596636 0.000138927049386473 -15961.6335187492 -15961.6690840739 0.0355653246429371 308288.981573364
0.63 285.151903713298 23209.0500123314 -62.350130933197 -62.3502743503721 0.000143417175100048 -15961.6335188984 -15961.6702336953 0.0367147968256124 307779.177729179
0.64 301.00096966686 23209.0500123314 -62.350130934348 -62.3502823228122 0.000151388464218005 -15961.6335191931 -15961.6722746399 0.0387554468398092 306940.721182288
0.65 320.129210848177 23209.0500123314 -62.3501309357474 -62.3502919447622 0.000161009014805719 -15961.6335195513 -15961.6747378591 0.041218307790264 305942.285935994
0.66 338.138215136362 23209.0500123314 -62.3501309369877 -62.3503010036328 0.000170066645099406 -15961.6335198689 -15961.67705693 0.043537061145448 304995.039450758
0.67 351.1189509006 23209.0500123314 -62.3501309377135 -62.3503075330208 0.000176595307295885 -15961.6335200547 -15961.6787284533 0.0452083986677467 304291.561939855
0.68 356.766937250536 23209.0500123314 -62.3501309377557 -62.3503103737182 0.000179435962528284 -15961.6335200655 -15961.6794556719 0.0459356064072406 303958.736432462
0.69 354.92335607391 23209.0500123314 -62.3501309371816 -62.3503094459148 0.000178508733213044 -15961.6335199185 -15961.6792181542 0.0456982357025393 304026.992760749
0.7 347.333434639616 23209.0500123314 -62.3501309362997 -62.3503056276813 0.000174691381558846 -15961.6335196927 -15961.6782406864 0.0447209936790646 304432.370724934
0.71 336.730878701312 23209.0500123314 -62.3501309354821 -62.3503002943073 0.000169358825115384 -15961.6335194834 -15961.6768753427 0.0433558592295382 305031.56083054
0.72 325.758044536588 23209.0500123314 -62.3501309349316 -62.3502947749688 0.000163840037205315 -15961.6335193425 -15961.675462392 0.0419430495245607 305688.296554018
0.73 316.268310897783 23209.0500123314 -62.3501309346848 -62.3502900018596 0.000159067174835447 -15961.6335192793 -15961.6742404761 0.0407211967578746 306292.129249955
0.74 309.13392649097 23209.0500123314 -62.3501309347317 -62.3502864136673 0.000155478935569362 -15961.6335192913 -15961.6733218988 0.0398026075057568 306775.218933294
0.75 304.268402758917 23209.0500123314 -62.3501309350319 -62.3502839668518 0.000153031819979579 -15961.6335193682 -15961.6726955141 0.0391761459147721 307133.96215575
0.76 300.757002838468 23209.0500123314 -62.3501309354968 -62.3502822012579 0.000151265761080166 -15961.6335194872 -15961.672243522 0.0387240348365225 307423.598564874
0.77 297.183347880919 23209.0500123314 -62.3501309359444 -62.3502804043354 0.000149468391004358 -15961.6335196018 -15961.6717835099 0.0382639080971157 307723.216736784
0.78 292.208926182557 23209.0500123314 -62.3501309361518 -62.3502779026569 0.000146966505172824 -15961.6335196548 -15961.6711430802 0.0376234253242428 308093.924173067
0.79 285.218854664758 23209.0500123314 -62.3501309360092 -62.3502743868573 0.000143450848086985 -15961.6335196184 -15961.6702430355 0.0367234171102682 308558.563520395
0.8 276.677498815813 23209.0500123314 -62.3501309355347 -62.3502700905071 0.000139154972410098 -15961.6335194969 -15961.6691431698 0.0356236729369851 309076.688992299
0.81 268.074353808504 23209.0500123314 -62.3501309348553 -62.3502657628752 0.000134828019870567 -15961.633519323 -15961.668035296 0.0345159730868651 309563.899321006
0.82 261.54199487377 23209.0500123314 -62.3501309341645 -62.3502624767339 0.000131542569368714 -15961.6335191461 -15961.6671940439 0.0336748977583908 309904.459250765
0.83 259.226893561565 23209.0500123314 -62.3501309336978 -62.3502613118868 0.000130378188959735 -15961.6335190266 -15961.666895843 0.0333768163736922 309997.56525756
0.84 262.53080133772 23209.0500123314 -62.3501309336767 -62.3502629735664 0.000132039889666891 -15961.6335190212 -15961.667321233 0.0338022117547241 309775.793192845
0.85 271.481246027978 23209.0500123314 -62.350130934156 -62.3502674756726 0.000136541516612565 -15961.6335191439 -15961.6684737722 0.0349546282528166 309241.068697069
0.86 284.599059749941 23209.0500123314 -62.3501309349493 -62.3502740740715 0.000143139122179962 -15961.633519347 -15961.6701629623 0.0366436152780702 308476.062570001
0.87 299.444220505371 23209.0500123314 -62.3501309357482 -62.3502815412453 0.000150605497090053 -15961.6335195515 -15961.6720745588 0.0385550072550537 307602.916942901
0.88 313.523825914461 23209.0500123314 -62.3501309363232 -62.3502886231591 0.000157686835871243 -15961.6335196987 -15961.6738875287 0.0403678299830382 306758.011502579
0.89 324.99071187191 23209.0500123314 -62.3501309366471 -62.3502943907542 0.000163454107173998 -15961.6335197816 -15961.6753640331 0.0418442514365436 306054.93406056
0.9 332.772086903732 23209.0500123314 -62.3501309367871 -62.3502983045375 0.000167367750431944 -15961.6335198175 -15961.6763659616 0.0428461441105777 305564.472741894
0.91 336.419974319128 23209.0500123314 -62.3501309367689 -62.3503001392247 0.000169202455728967 -15961.6335198128 -15961.6768356415 0.0433158286666157 305316.607364505
0.92 336.057800568003 23209.0500123314 -62.350130936548 -62.3502999568484 0.000169020300408925 -15961.6335197563 -15961.6767889532 0.0432691969046848 305301.359525851
0.93 332.452113632786 23209.0500123314 -62.3501309361825 -62.3502981430023 0.000167206819847126 -15961.6335196627 -15961.6763246086 0.0428049458808642 305474.877947661
0.94 326.84350274213 23209.0500123314 -62.3501309358074 -62.3502953217759 0.000164385968505443 -15961.6335195667 -15961.6756023746 0.0420828079373933 305774.057529873
0.95 320.507496634595 23209.0500123314 -62.3501309355521 -62.3502921348257 0.000161199273675332 -15961.6335195013 -15961.6747865154 0.041267014060885 306121.469991467
0.96 314.401408558663 23209.0500123314 -62.3501309353985 -62.3502890636146 0.000158128216139477 -15961.633519462 -15961.6740002853 0.0404808233317061 306468.72909573
0.97 309.144893987415 23209.0500123314 -62.350130935293 -62.3502864197447 0.000155484451672666 -15961.633519435 -15961.6733234546 0.0398040196282025 306767.016125259
0.98 305.139586386772 23209.0500123314 -62.3501309352409 -62.3502844052228 0.000153469981861977 -15961.6335194217 -15961.672807737 0.0392883153566661 307007.384690829
0.99 302.552483530301 23209.0500123314 -62.350130935316 -62.3502831041142 0.00015216879825234 -15961.6335194409 -15961.6724746532 0.0389552123525991 307176.555352995
1 301.148069419753 23209.0500123314 -62.3501309355149 -62.3502823979629 0.000151462448051684 -15961.6335194918 -15961.6722938785 0.0387743867012312 307299.071678293
