# Fix print output for fix extra
0 600 75429.4125400771 -62.497888203091 -62.4981899731439 0.000301770052871704 -15999.4593799913 -15999.5366331248 0.0772531335351563 1994984.68989648
0.01 542.913828102049 75429.4125400771 -62.4978881932825 -62.4981612518402 0.000273058557685225 -15999.4593774803 -15999.5292804711 0.0699029907674175 1995181.72026557
0.02 401.445680751103 75429.4125400771 -62.4978881695222 -62.4980900766627 0.000201907140508963 -15999.4593713977 -15999.5110596256 0.0516882279702944 1995673.31910417
0.03 247.499226050984 75429.4125400771 -62.4978881459381 -62.4980126256957 0.000124479757551852 -15999.4593653602 -15999.4912321781 0.0318668179332742 1996179.85527803
0.04 152.370756234809 75429.4125400771 -62.4978881363698 -62.4979647712551 7.66348852751333e-05 -15999.4593629107 -15999.4789814413 0.0196185306304341 1996381.82440585
0.05 145.33977247597 75429.4125400771 -62.4978881449255 -62.4979612435769 7.30986513740582e-05 -15999.4593651009 -15999.4780783557 0.0187132547517589 1996183.15859504
0.06 201.52763516415 75429.4125400771 -62.4978881631873 -62.4979895215292 0.000101358341864325 -15999.459369776 -15999.4853175115 0.0259477355172672 1995624.7296145
0.07 266.546123212392 75429.4125400771 -62.4978881775444 -62.4980222369405 0.000134059396157585 -15999.4593734514 -15999.4936926568 0.0343192054163419 1994987.03252164
0.08 296.899688417205 75429.4125400771 -62.4978881794614 -62.4980375051859 0.000149325724452088 -15999.4593739421 -15999.4976013276 0.0382273854597344 1994560.02378377
0.09 286.023427789041 75429.4125400771 -62.4978881701695 -62.4980320256777 0.000143855508210741 -15999.4593715634 -15999.4961985735 0.0368270101019498 1994400.08601779
0.1 260.937625627229 75429.4125400771 -62.4978881585424 -62.4980193971442 0.00013123860180291 -15999.4593685868 -15999.4929656689 0.0335970820615449 1994401.65115056
0.11 256.170568512602 75429.4125400771 -62.497888153822 -62.498016994832 0.000128841010007037 -15999.4593673784 -15999.492350677 0.0329832985618016 1994433.21905153
0.12 285.907145697736 75429.4125400771 -62.4978881592704 -62.4980319562945 0.000143797024122673 -15999.4593687732 -15999.4961808114 0.0368120381754043 1994422.67151942
0.13 334.049367311536 75429.4125400771 -62.4978881704316 -62.4980561805904 0.000168010158725602 -15999.4593716305 -15999.5023822311 0.0430106006337542 1994399.22103263
0.14 367.441978778071 75429.4125400771 -62.4978881787521 -62.4980729837277 0.000184804975605237 -15999.4593737605 -15999.5066838343 0.0473100737549407 1994462.76630605
0.15 361.330969898869 75429.4125400771 -62.4978881780375 -62.4980699094806 0.000181731443150943 -15999.4593735776 -15999.505896827 0.0465232494466414 1994666.98833423
0.16 317.95009299601 75429.4125400771 -62.4978881687064 -62.4980480817337 0.000159913027289949 -15999.4593711888 -15999.5003089238 0.0409377349862269 1994982.74472029
0.17 265.318628955443 75429.4125400771 -62.4978881572692 -62.498021599297 0.000133442027812887 -15999.4593682609 -15999.49352942 0.034161159120099 1995299.18789129
0.18 237.662146307639 75429.4125400771 -62.4978881517245 -62.498007683922 0.000119532197428098 -15999.4593668415 -15999.489967084 0.0306002425415931 1995468.80265516
0.19 251.612733478276 75429.4125400771 -62.4978881556885 -62.498014704335 0.000126548646474889 -15999.4593678563 -15999.4917643098 0.0323964534975716 1995387.36895947
0.2 295.349534725833 75429.4125400771 -62.4978881659654 -62.4980367120399 0.000148546074516413 -15999.4593704871 -15999.4973982822 0.0380277950762018 1995085.18139172
0.21 338.05831257572 75429.4125400771 -62.4978881752238 -62.4980582016819 0.00017002645809949 -15999.4593728573 -15999.5028996306 0.0435267732734695 1994724.73613644
0.22 351.78591941946 75429.4125400771 -62.4978881774 -62.4980651081592 0.000176930759171219 -15999.4593734144 -15999.5046676887 0.0452942743478321 1994498.558516
0.23 329.702231105672 75429.4125400771 -62.4978881716143 -62.4980539953805 0.000165823766187796 -15999.4593719333 -15999.5018228174 0.0424508841440757 1994484.99157699
0.24 288.878072610414 75429.4125400771 -62.4978881624131 -62.4980334536651 0.000145291252075201 -15999.4593695777 -15999.4965641383 0.0371945605312515 1994651.86291491
0.25 256.786495674093 75429.4125400771 -62.4978881562253 -62.4980173070159 0.000129150790627184 -15999.4593679937 -15999.4924305961 0.0330626024005592 1994815.07421015
0.26 252.104310540587 75429.4125400771 -62.4978881568525 -62.4980149527377 0.000126795885201696 -15999.4593681542 -15999.4918279008 0.0324597466116341 1994829.09259781
0.27 273.187182385867 75429.4125400771 -62.4978881631565 -62.4980255626739 0.000137399517454091 -15999.4593697681 -15999.4945440445 0.0351742764682474 1994705.35460581
0.28 301.465829956852 75429.4125400771 -62.4978881700083 -62.4980397922741 0.000151622265741819 -15999.4593715221 -15999.4981868222 0.0388153000299057 1994570.13090921
0.29 316.519657697873 75429.4125400771 -62.4978881724401 -62.4980473660298 0.000159193589730701 -15999.4593721447 -15999.5001257036 0.0407535589710595 1994594.46821987
0.3 311.05682412852 75429.4125400771 -62.4978881691074 -62.4980446151645 0.000156446057105613 -15999.4593712915 -15999.4994214821 0.040050190619037 1994785.03922934
0.31 294.844925666477 75429.4125400771 -62.4978881631657 -62.498036455447 0.000148292281345544 -15999.4593697704 -15999.4973325944 0.0379628240244593 1995054.24255204
0.32 285.429644041721 75429.4125400771 -62.4978881595994 -62.498031716464 0.000143556864622703 -15999.4593688574 -15999.4961194148 0.036750557343412 1995299.11583953
0.33 293.436413816373 75429.4125400771 -62.4978881611529 -62.4980357450231 0.000147583870186417 -15999.4593692551 -15999.4971507259 0.0377814707677227 1995462.67266747
0.34 314.536860267268 75429.4125400771 -62.4978881661666 -62.4980463625082 0.000158196341588256 -15999.4593705387 -15999.4998688021 0.0404982634465935 1995525.60207326
0.35 333.917174055284 75429.4125400771 -62.4978881706295 -62.4980561143016 0.000167943672115722 -15999.4593716812 -15999.5023652612 0.0429935800616248 1995566.45322335
0.36 338.28676252664 75429.4125400771 -62.4978881711483 -62.4980583125053 0.000170141357022436 -15999.459371814 -15999.5029280014 0.0435561873977436 1995670.80883239
0.37 326.042600367862 75429.4125400771 -62.4978881673907 -62.4980521505453 0.000163983154585729 -15999.459370852 -15999.5013505396 0.0419796875739467 1995826.71904886
0.38 308.269553409041 75429.4125400771 -62.4978881622981 -62.4980432064971 0.000155044199051638 -15999.4593695483 -15999.4990608633 0.0396913149572194 1995946.05914467
0.39 300.116750478673 75429.4125400771 -62.4978881596886 -62.4980391034347 0.000150943746099389 -15999.4593688803 -15999.4980104793 0.0386415990014435 1995932.049977
0.4 309.402466119478 75429.4125400771 -62.4978881615424 -62.49804377554 0.000155613997599184 -15999.4593693548 -15999.4992065382 0.0398371833853912 1995736.74811319
0.41 330.583013713275 75429.4125400771 -62.4978881668078 -62.4980544335637 0.000166266755877904 -15999.4593707028 -15999.5019349923 0.0425642895047434 1995401.73553295
0.42 347.778470896258 75429.4125400771 -62.4978881722771 -62.4980630874897 0.00017491521258334 -15999.4593721029 -15999.5041503974 0.0447782944213351 1995045.50429715
0.43 344.465832669655 75429.4125400771 -62.4978881745733 -62.4980614236942 0.000173249120895362 -15999.4593726908 -15999.5037244657 0.0443517749492128 1994822.8745188
0.44 313.801560425992 75429.4125400771 -62.497888171989 -62.4980459985114 0.000157826522468292 -15999.4593720292 -15999.4997756189 0.0404035897518827 1994793.82763959
0.45 263.812006693936 75429.4125400771 -62.4978881654723 -62.4980208497443 0.000132684272013699 -15999.4593703609 -15999.4933375345 0.033967173635507 1994942.47359533
0.46 214.430238321 75429.4125400771 -62.4978881582148 -62.4979960059221 0.000107847707259034 -15999.459368503 -15999.4869775161 0.0276090130583127 1995140.78557158
0.47 187.807441315064 75429.4125400771 -62.4978881539447 -62.4979826117139 9.44577691589107e-05 -15999.4593674098 -15999.4835485987 0.0241811889046811 1995283.8163831
0.48 197.007788622637 75429.4125400771 -62.4978881547492 -62.4979872398339 9.90850846479843e-05 -15999.4593676158 -15999.4847333975 0.025365781669884 1995241.85038585
0.49 239.555715562833 75429.4125400771 -62.4978881601178 -62.4980086446861 0.000120484568251858 -15999.4593689902 -15999.4902130396 0.0308440494724757 1995032.30388039
0.5 298.982077521789 75429.4125400771 -62.4978881673613 -62.4980385404235 0.000150373062235737 -15999.4593708445 -15999.4978663484 0.0384955039323486 1994803.74349421
0.51 353.073971885326 75429.4125400771 -62.4978881731008 -62.4980657516861 0.000177578585272429 -15999.4593723138 -15999.5048324316 0.0454601178297419 1994649.71452991
0.52 384.013635796252 75429.4125400771 -62.4978881752284 -62.4980813149204 0.000193139691962817 -15999.4593728585 -15999.5088166196 0.0494437611424812 1994667.89603822
0.53 385.097435020625 75429.4125400771 -62.4978881733863 -62.4980818581751 0.000193684788878219 -15999.4593723869 -15999.5089556928 0.0495833059528242 1994814.84185889
0.54 361.840703423749 75429.4125400771 -62.4978881690037 -62.4980701568173 0.000181987813672199 -15999.4593712649 -15999.5059601452 0.0465888803000829 1995006.10898197
0.55 327.658449569882 75429.4125400771 -62.4978881643732 -62.4980529602192 0.000164795846084273 -15999.4593700795 -15999.5015578161 0.0421877365975739 1995199.81966426
0.56 296.81156418972 75429.4125400771 -62.4978881614732 -62.4980374428755 0.000149281402364108 -15999.4593693371 -15999.4975853761 0.0382160390052118 1995311.8975124
0.57 278.422322293933 75429.4125400771 -62.4978881611443 -62.4980281936759 0.000140032531532171 -15999.459369253 -15999.495217581 0.0358483280722358 1995322.08666384
0.58 273.791598128189 75429.4125400771 -62.4978881627887 -62.4980258662971 0.000137703508404953 -15999.4593696739 -15999.4946217721 0.035252098151668 1995266.01955897
0.59 277.949627226607 75429.4125400771 -62.4978881650787 -62.4980279598682 0.000139794789506406 -15999.4593702601 -15999.4951577263 0.03578746611364 1995156.41153778
0.6 284.070252111985 75429.4125400771 -62.4978881664549 -62.4980310396133 0.000142873158331853 -15999.4593706125 -15999.495946141 0.0365755285329544 1995017.00808071
0.61 287.881172363602 75429.4125400771 -62.4978881664243 -62.4980329562853 0.00014478986100822 -15999.4593706046 -15999.496436809 0.0370662044181044 1994880.44594637
0.62 289.330976714266 75429.4125400771 -62.4978881655229 -62.4980336845631 0.000145519040234143 -15999.4593703739 -15999.4966232482 0.0372528742999406 1994737.75665002
0.63 291.004806763126 75429.4125400771 -62.4978881648346 -62.4980345257278 0.000146360893204714 -15999.4593701977 -15999.4968385863 0.0374683886604068 1994618.85219304
0.64 294.856889646786 75429.4125400771 -62.4978881651497 -62.4980364634483 0.000148298298630495 -15999.4593702783 -15999.4973346428 0.0379643644494067 1994548.1589116
0.65 299.838048307689 75429.4125400771 -62.4978881664017 -62.4980389699746 0.000150803572817933 -15999.4593705988 -15999.4979763135 0.0386057146413909 1994539.32719635
0.66 302.108528994187 75429.4125400771 -62.4978881676813 -62.4980401131926 0.000151945511279281 -15999.4593709264 -15999.4982689773 0.038898050887496 1994621.12757319
0.67 297.85215704107 75429.4125400771 -62.4978881677375 -62.4980379725061 0.000149804768630391 -15999.4593709408 -15999.4977209616 0.0383500207693802 1994793.77869071
0.68 286.983840627541 75429.4125400771 -62.4978881659923 -62.4980325045402 0.000144338547932496 -15999.459370494 -15999.4963211623 0.0369506682707191 1995026.22039757
0.69 274.876302785349 75429.4125400771 -62.4978881631184 -62.4980264121791 0.000138249060707856 -15999.4593697583 -15999.4947615178 0.035391759541211 1995287.51815933
0.7 270.230044347267 75429.4125400771 -62.4978881608464 -62.498024073071 0.000135912224616996 -15999.4593691767 -15999.4941627062 0.034793529501951 1995532.64312996
0.71 279.803134038353 75429.4125400771 -62.4978881609349 -62.4980288879458 0.000140727010920704 -15999.4593691993 -15999.4953953141 0.0360261147957001 1995700.20471327
0.72 303.167970359702 75429.4125400771 -62.4978881638788 -62.4980406422362 0.000152478357407424 -15999.459369953 -15999.4984044125 0.0390344594963006 1995811.08329208
0.73 331.274091476623 75429.4125400771 -62.4978881683076 -62.4980547826411 0.000166614333499877 -15999.4593710867 -15999.5020243561 0.0426532693759686 1995878.73955104
0.74 350.632238242165 75429.4125400771 -62.4978881716755 -62.4980645221907 0.000176350515121437 -15999.4593719489 -15999.5045176808 0.0451457318710879 1995932.42907602
0.75 351.050004646885 75429.4125400771 -62.4978881717718 -62.4980647324025 0.000176560630771504 -15999.4593719736 -15999.5045714951 0.0451995214775051 1995970.82345854
0.76 332.275673991845 75429.4125400771 -62.4978881682818 -62.4980552863613 0.000167118079514167 -15999.4593710801 -15999.5021533085 0.0427822283556267 1995989.52743601
0.77 304.863975936288 75429.4125400771 -62.4978881631945 -62.498041494558 0.000153331363561619 -15999.4593697778 -15999.4986226069 0.0392528290717746 1995956.79064959
0.78 284.238912308795 75429.4125400771 -62.4978881595435 -62.4980311175295 0.000142957985992701 -15999.4593688431 -15999.4959660876 0.0365972444141315 1995843.87263044
0.79 281.46352433882 75429.4125400771 -62.4978881596037 -62.498029721708 0.000141562104368636 -15999.4593688585 -15999.4956087573 0.0362398987183709 1995637.76178556
0.8 296.381038679353 75429.4125400771 -62.4978881633259 -62.4980372281954 0.000149064869520732 -15999.4593698114 -15999.497530418 0.0381606065973073 1995354.9484549
0.81 317.743878365173 75429.4125400771 -62.4978881683234 -62.498047977635 0.000159809311623198 -15999.4593710908 -15999.5002822746 0.0409111837755386 1995050.80412015
0.82 330.434306663913 75429.4125400771 -62.4978881714312 -62.4980543633949 0.000166191963654323 -15999.4593718864 -15999.5019170291 0.0425451426955068 1994798.21824131
0.83 325.013298171356 75429.4125400771 -62.4978881706997 -62.4980516361666 0.000163465466955295 -15999.4593716991 -15999.5012188587 0.0418471595405556 1994643.43911816
0.84 303.593986205917 75429.4125400771 -62.4978881666477 -62.4980408592698 0.000152692622114818 -15999.4593706618 -15999.4984599731 0.0390893112613935 1994618.61977211
0.85 278.296052583715 75429.4125400771 -62.4978881619424 -62.4980281309665 0.00013996902417029 -15999.4593694572 -15999.4952015274 0.0358320701875943 1994681.49329272
0.86 263.242936017325 75429.4125400771 -62.4978881596645 -62.4980205577224 0.000132398057866752 -15999.4593688741 -15999.4932627769 0.0338939028138884 1994777.16480499
0.87 265.317430553226 75429.4125400771 -62.4978881612144 -62.4980216026395 0.000133441425076386 -15999.4593692709 -15999.4935302757 0.0341610048195549 1994844.44451012
0.88 279.930760269871 75429.4125400771 -62.4978881653434 -62.498028956544 0.000140791200545092 -15999.4593703279 -15999.4954128753 0.0360425473395436 1994864.06660069
0.89 294.764790769191 75429.4125400771 -62.4978881689709 -62.4980364209484 0.000148251977491892 -15999.4593712565 -15999.4973237628 0.0379525062379245 1994881.34464369
0.9 299.06179617461 75429.4125400771 -62.4978881693779 -62.4980385825347 0.000150413156739198 -15999.4593713608 -15999.4978771289 0.0385057681252347 1994901.73864664
0.91 291.625456816644 75429.4125400771 -62.4978881663033 -62.4980348393525 0.000146673049203822 -15999.4593705736 -15999.4969188742 0.0375483005961785 1994934.78160917
0.92 281.589896832381 75429.4125400771 -62.4978881620767 -62.4980297877401 0.000141625663425409 -15999.4593694916 -15999.4956256615 0.0362561698369046 1994988.52148183
0.93 281.491802326129 75429.4125400771 -62.4978881598897 -62.4980297362165 0.000141576326784845 -15999.4593689318 -15999.4956124714 0.0362435396569204 1994992.57099652
0.94 297.692054491684 75429.4125400771 -62.4978881615918 -62.4980378858369 0.000149724245039069 -15999.4593693675 -15999.4976987742 0.0383294067300018 1994896.58807592
0.95 324.910234698025 75429.4125400771 -62.4978881663434 -62.4980515799746 0.000163413631172301 -15999.4593705839 -15999.5012044735 0.0418338895801092 1994732.97641689
0.96 348.781970577745 75429.4125400771 -62.4978881711808 -62.4980635911037 0.000175419922836572 -15999.4593718223 -15999.5042793225 0.0449075002461624 1994594.33582484
0.97 354.763560413234 75429.4125400771 -62.4978881730747 -62.4980666014387 0.000178428363971426 -15999.4593723071 -15999.5050499683 0.045677661176685 1994536.4534319
0.98 337.185731226835 75429.4125400771 -62.4978881708877 -62.4980577584809 0.000169587593233177 -15999.4593717472 -15999.5027861711 0.0434144238676933 1994583.43812377
0.99 302.706742461003 75429.4125400771 -62.497888165988 -62.4980404123707 0.00015224638279513 -15999.4593704929 -15999.4983455669 0.0389750739955534 1994742.22092685
1 266.275335816598 75429.4125400771 -62.4978881611607 -62.4980220843643 0.000133923203613009 -15999.4593692571 -15999.4936535973 0.0342843401249304 1994934.76781811
