# Fix print output for fix extra
0 600 40615.83752158 -62.3806155358741 -62.380917305927 0.000301770052871704 -15969.4375771838 -15969.5148303173 0.0772531335351563 832278.679868943
0.01 568.522766969399 40615.83752158 -62.3806155331119 -62.3809014716876 0.000285938575745205 -15969.4375764766 -15969.510776752 0.0732002753907725 833137.893446914
0.02 483.000243369267 40615.83752158 -62.3806155253526 -62.3808584503676 0.000242925014964316 -15969.4375744903 -15969.4997632941 0.0621888038308649 835466.075295352
0.03 368.022268533793 40615.83752158 -62.380615514772 -62.3808006116044 0.000185096832389012 -15969.4375717816 -15969.4849565707 0.047384789091587 838583.379972249
0.04 256.744993410751 40615.83752158 -62.3806155049481 -62.3807446348652 0.00012912991706018 -15969.4375692667 -15969.4706265255 0.033057258767406 841637.170788747
0.05 179.557980889262 40615.83752158 -62.3806154998485 -62.3807058085508 9.03087023108153e-05 -15969.4375679612 -15969.460686989 0.0231190277915687 843860.748956483
0.06 152.245296843174 40615.83752158 -62.3806155013043 -62.3806920730898 7.65717854630551e-05 -15969.4375683339 -15969.457170711 0.0196023770785421 844775.415399785
0.07 170.582950406469 40615.83752158 -62.3806155078927 -62.3807013026026 8.57947099386191e-05 -15969.4375700205 -15969.4595334663 0.0219634457442865 844453.855551264
0.08 214.548278683682 40615.83752158 -62.380615516009 -62.3807234230847 0.000107907075669847 -15969.4375720983 -15969.4651963097 0.0276242113714807 843424.145469969
0.09 259.183548903439 40615.83752158 -62.3806155220165 -62.3807458784053 0.000130356388760111 -15969.4375736362 -15969.4709448717 0.0333712355225885 842315.717214747
0.1 285.734372177438 40615.83752158 -62.3806155238817 -62.3807592340093 0.000143710127665415 -15969.4375741137 -15969.4743639064 0.0367897926823461 841640.188595439
0.11 288.033312511572 40615.83752158 -62.3806155216985 -62.3807603880784 0.000144866379909049 -15969.4375735548 -15969.4746593481 0.0370857932567165 841542.139945357
0.12 272.501884075672 40615.83752158 -62.3806155171035 -62.3807525719501 0.000137054846608591 -15969.4375723785 -15969.4726584192 0.0350860407317993 841858.203121944
0.13 253.15664783924 40615.83752158 -62.3806155124583 -62.3807428376166 0.000127325158338785 -15969.4375711893 -15969.4701664298 0.0325952405347288 842238.632720626
0.14 244.336832347931 40615.83752158 -62.3806155098096 -62.380738399041 0.000122889231360233 -15969.4375705113 -15969.4690301545 0.0314596432282197 842342.98227809
0.15 254.30777831557 40615.83752158 -62.3806155101481 -62.3807434142676 0.000127904119513292 -15969.4375705979 -15969.4703140525 0.0327434545954027 841966.835597443
0.16 282.118831560669 40615.83752158 -62.3806155131444 -62.3807574048356 0.000141891691193611 -15969.437571365 -15969.4738956379 0.0363242729455643 841152.054224533
0.17 318.549222419141 40615.83752158 -62.3806155174236 -62.3807757317831 0.000160214359486108 -15969.4375724604 -15969.4785873365 0.0410148760284436 840150.998000933
0.18 350.312646209314 40615.83752158 -62.3806155212251 -62.3807917110013 0.000176189776280352 -15969.4375734336 -15969.4826780163 0.0451045827277702 839312.63167846
0.19 365.61269429402 40615.83752158 -62.3806155230375 -62.3807994079743 0.000183884936812788 -15969.4375738976 -15969.4846484414 0.0470745438240736 838922.874100976
0.2 358.864625477445 40615.83752158 -62.3806155221499 -62.3807960131449 0.000180490995006855 -15969.4375736704 -15969.4837793651 0.0462056947217548 839118.022011631
0.21 332.931716148154 40615.83752158 -62.3806155188788 -62.3807829669148 0.000167448035974493 -15969.437572833 -15969.4804395302 0.0428666972094702 839795.029643062
0.22 298.04534908077 40615.83752158 -62.3806155145368 -62.3807654164714 0.000149901934583783 -15969.4375717214 -15969.4759466167 0.0383748952534483 840698.645982968
0.23 267.696039679491 40615.83752158 -62.3806155109052 -62.3807501486519 0.000134637746746043 -15969.4375707917 -15969.4720380549 0.0344672631669871 841490.776825468
0.24 253.155548476421 40615.83752158 -62.3806155094411 -62.3807428340465 0.000127324605414158 -15969.4375704169 -15969.4701655159 0.0325950989860244 841882.467768396
0.25 258.950641449582 40615.83752158 -62.3806155106748 -62.3807457499227 0.00013023924793567 -15969.4375707327 -15969.4709119802 0.0333412474715316 841751.776548132
0.26 281.270243389591 40615.83752158 -62.3806155139849 -62.3807569788786 0.00014146489369819 -15969.4375715801 -15969.4737865929 0.0362150127867366 841206.422357921
0.27 309.892220742956 40615.83752158 -62.3806155178553 -62.380771378175 0.000155860319730219 -15969.437572571 -15969.4774728128 0.0399002418509362 840511.824411808
0.28 332.735585606823 40615.83752158 -62.3806155207196 -62.3807828701117 0.000167349392101447 -15969.4375733042 -15969.4804147486 0.0428414443779705 839948.96261976
0.29 340.792608446288 40615.83752158 -62.3806155215111 -62.3807869231836 0.000171401672448537 -15969.4375735068 -15969.481452335 0.0438788281468255 839745.510002435
0.3 331.495234071743 40615.83752158 -62.3806155200327 -62.3807822455899 0.00016672555718758 -15969.4375731284 -15969.480254871 0.0426817426400204 839973.263993492
0.31 309.300791151931 40615.83752158 -62.3806155169978 -62.380771079858 0.000155562860165297 -15969.4375723514 -15969.4773964436 0.0398240922023161 840538.443323071
0.32 283.498762817415 40615.83752158 -62.3806155137134 -62.3807580994412 0.00014258572774079 -15969.4375715106 -15969.4740734569 0.0365019463016423 841184.097581187
0.33 264.239654796295 40615.83752158 -62.3806155114624 -62.3807484108201 0.000132899357664465 -15969.4375709344 -15969.4715931699 0.034022235562103 841644.759644999
0.34 258.495068943892 40615.83752158 -62.3806155111116 -62.3807455212293 0.000130010117703788 -15969.4375708446 -15969.4708534347 0.0332825901321698 841760.529893074
0.35 267.384594278234 40615.83752158 -62.3806155127385 -62.3807499938437 0.000134481105254036 -15969.437571261 -15969.471998424 0.0344271629450333 841499.833835939
0.36 285.919850265355 40615.83752158 -62.3806155156206 -62.3807593190345 0.000143803413886076 -15969.4375719989 -15969.4743856728 0.0368136739548356 840997.159457256
0.37 305.289738215917 40615.83752158 -62.3806155184773 -62.3807690639781 0.000153545500737677 -15969.4375727302 -15969.4768803784 0.0393076481888452 840489.185843221
0.38 316.8003815745 40615.83752158 -62.3806155200295 -62.3807748548093 0.000159334779829188 -15969.4375731276 -15969.4783628312 0.0407897036362722 840220.776822084
0.39 315.819280166857 40615.83752158 -62.3806155195426 -62.3807743608774 0.00015884133478976 -15969.4375730029 -15969.4782363846 0.0406633817061786 840286.973357679
0.4 303.933030515499 40615.83752158 -62.3806155172433 -62.3807683803878 0.000152863144480199 -15969.4375724143 -15969.4767053793 0.039132964986931 840624.961027039
0.41 288.188118272924 40615.83752158 -62.3806155143087 -62.3807604585482 0.000144944239480362 -15969.437571663 -15969.4746773883 0.0371057253069727 841078.637452436
0.42 277.467030810657 40615.83752158 -62.3806155123075 -62.380755064375 0.000139552067596478 -15969.4375711507 -15969.47329648 0.0357253293046983 841400.928441533
0.43 277.807209614161 40615.83752158 -62.3806155122629 -62.3807552354235 0.000139723160555677 -15969.4375711393 -15969.4733402684 0.0357691291022532 841395.069481816
0.44 289.365870503642 40615.83752158 -62.3806155140914 -62.3807610506815 0.000145536590068585 -15969.4375716074 -15969.4748289745 0.0372573670575577 841076.126529905
0.45 306.583876567885 40615.83752158 -62.3806155167567 -62.3807697131444 0.000154196387735838 -15969.4375722897 -15969.477046565 0.0394742752603744 840594.561997072
0.46 321.278966914692 40615.83752158 -62.380615518926 -62.3807771062108 0.000161587284720688 -15969.4375728451 -15969.47893919 0.0413663448884962 840158.028208449
0.47 326.719445756391 40615.83752158 -62.3806155196086 -62.3807798431827 0.000164323574033533 -15969.4375730198 -15969.4796398548 0.0420668349525845 839972.656452392
0.48 320.749871477689 40615.83752158 -62.3806155184637 -62.3807768396398 0.000161321176124024 -15969.4375727267 -15969.4788709478 0.0412982210877501 840103.050476245
0.49 306.802557891952 40615.83752158 -62.380615516032 -62.3807698224055 0.000154306373527048 -15969.4375721042 -15969.4770745358 0.0395024316229242 840443.839495269
0.5 292.296325472655 40615.83752158 -62.3806155134183 -62.380762523881 0.00014701046265348 -15969.4375714351 -15969.4752061135 0.0376346784392908 840813.649073296
0.51 285.240905948091 40615.83752158 -62.3806155117826 -62.3807589737214 0.00014346193878188 -15969.4375710163 -15969.4742972727 0.0367262563281613 840995.879932756
0.52 290.677475866794 40615.83752158 -62.3806155117957 -62.3807617080578 0.00014619626210156 -15969.4375710197 -15969.4749972628 0.0374262430979994 840855.226044524
0.53 308.616998025921 40615.83752158 -62.3806155133934 -62.3807707323397 0.000155218946352315 -15969.4375714287 -15969.477307479 0.0397360502661925 840392.917494152
0.54 334.17079891641 40615.83752158 -62.3806155159301 -62.3807835871629 0.000168071232761974 -15969.4375720781 -15969.4805983137 0.0430262355870654 839742.195215868
0.55 359.486894105978 40615.83752158 -62.3806155185299 -62.380796322495 0.000180803965068409 -15969.4375727437 -15969.4838585587 0.0462858150575128 839114.456165205
0.56 376.473170425168 40615.83752158 -62.3806155203858 -62.3808048676001 0.000189347214239969 -15969.4375732188 -15969.4860461056 0.048472886845432 838707.813642186
0.57 379.320845591321 40615.83752158 -62.380615521021 -62.3808063004737 0.000190779452715721 -15969.4375733814 -15969.4864129213 0.0488395398952246 838687.248033148
0.58 366.063683536585 40615.83752158 -62.3806155203015 -62.3807996320634 0.000184111761892077 -15969.4375731972 -15969.4847058082 0.0471326110443717 839129.829160878
0.59 338.968942643279 40615.83752158 -62.3806155185003 -62.3807860029599 0.000170484459572213 -15969.4375727361 -15969.4812167577 0.0436440216504866 839921.417578618
0.6 303.792427548974 40615.83752158 -62.3806155160686 -62.3807683084968 0.000152792428205796 -15969.4375721136 -15969.4766869752 0.0391148616206837 840907.559059773
0.61 268.155240639564 40615.83752158 -62.3806155138108 -62.3807503825127 0.000134868701909376 -15969.4375715356 -15969.4720979233 0.0345263876888004 841898.246050545
0.62 239.235426763883 40615.83752158 -62.380615512309 -62.3807358357879 0.000120323478972203 -15969.4375711511 -15969.4683739617 0.030802810616884 842687.653258073
0.63 221.827118554719 40615.83752158 -62.3806155118661 -62.3807270798349 0.000111567968824392 -15969.4375710377 -15969.4661324377 0.0285614000190444 843154.179123264
0.64 217.425598949576 40615.83752158 -62.3806155123418 -62.380724866566 0.000109354224151126 -15969.4375711595 -15969.4655658409 0.0279946813826883 843271.417793322
0.65 224.577497097479 40615.83752158 -62.3806155133817 -62.3807284646537 0.000112951271954836 -15969.4375714257 -15969.4664869513 0.0289155256204379 843070.288762688
0.66 239.995565999411 40615.83752158 -62.3806155145568 -62.3807362203478 0.000120705791067695 -15969.4375717265 -15969.468472409 0.0309006825133298 842631.917804078
0.67 259.895478398374 40615.83752158 -62.3806155155105 -62.3807462299643 0.000130714453762323 -15969.4375719707 -15969.4710348708 0.0334629001631548 842067.165572218
0.68 281.073497524103 40615.83752158 -62.3806155161496 -62.3807568820899 0.000141365940347806 -15969.4375721343 -15969.473761815 0.0361896807290382 841448.992883017
0.69 301.30308433374 40615.83752158 -62.3806155165449 -62.3807670569577 0.000151540412816334 -15969.4375722355 -15969.4763665812 0.0387943456809815 840826.022746893
0.7 319.105248792002 40615.83752158 -62.3806155168626 -62.3807760108756 0.000160494012999334 -15969.4375723168 -15969.4786587841 0.0410864673278296 840277.29012696
0.71 333.34150294625 40615.83752158 -62.3806155171578 -62.3807831712961 0.000167654138280705 -15969.4375723924 -15969.4804918518 0.0429194593998606 839819.718869663
0.72 343.035905206527 40615.83752158 -62.3806155173629 -62.3807880473016 0.000172529938751777 -15969.4375724449 -15969.4817401092 0.044167664320455 839504.133515091
0.73 347.531047137252 40615.83752158 -62.3806155174033 -62.3807903081741 0.000174790770781945 -15969.4375724553 -15969.4823188926 0.044746437320178 839333.663683263
0.74 346.681908325579 40615.83752158 -62.3806155173008 -62.3807898809972 0.000174363696341789 -15969.437572429 -15969.4822095353 0.0446371062634979 839320.062464275
0.75 340.890773680402 40615.83752158 -62.3806155170267 -62.3807869680713 0.000171451044661685 -15969.4375723588 -15969.4814638263 0.0438914674333914 839461.777682788
0.76 331.113909717275 40615.83752158 -62.3806155166262 -62.3807820503963 0.000166533770069898 -15969.4375722563 -15969.4802049015 0.0426326451378939 839725.339585567
0.77 318.804430250788 40615.83752158 -62.3806155160821 -62.3807758587984 0.000160342716287523 -15969.437572117 -15969.4786198524 0.0410477353696058 840069.39205301
0.78 305.864688233302 40615.83752158 -62.3806155154167 -62.3807693500886 0.000153834671899585 -15969.4375719467 -15969.4769536227 0.0393816760062937 840445.444552515
0.79 294.43149277135 40615.83752158 -62.3806155148267 -62.3807635991719 0.000148084345234508 -15969.4375717956 -15969.475481388 0.0379095923800341 840792.542377688
0.8 286.456361132393 40615.83752158 -62.3806155143973 -62.3807595876493 0.00014407325207393 -15969.4375716857 -15969.4744544382 0.0368827525309262 841040.695296253
0.81 283.249220072729 40615.83752158 -62.3806155143625 -62.3807579745827 0.000142460220195361 -15969.4375716768 -15969.4740414932 0.0364698163700124 841161.109213522
0.82 284.893117377096 40615.83752158 -62.380615514776 -62.3807588017945 0.000143287018489451 -15969.4375717827 -15969.4742532594 0.0366814767332995 841148.365717322
0.83 290.134525772949 40615.83752158 -62.3806155154258 -62.3807614386111 0.000145923185304016 -15969.437571949 -15969.4749282844 0.0373563354378281 841047.637573077
0.84 296.938587894506 40615.83752158 -62.3806155160846 -62.3807648613735 0.000149345288947624 -15969.4375721177 -15969.4758045116 0.0382323939705917 840897.477935822
0.85 303.232155939014 40615.83752158 -62.3806155165315 -62.3807680271711 0.000152510639550195 -15969.4375722321 -15969.4766149558 0.03904272372485 840760.753469836
0.86 307.553018157033 40615.83752158 -62.3806155167129 -62.3807702005305 0.0001546838175835 -15969.4375722785 -15969.4771713358 0.039599057301376 840674.638655417
0.87 309.259288854455 40615.83752158 -62.3806155166857 -62.3807710586723 0.000155541986581124 -15969.4375722716 -15969.4773910201 0.0398187485647678 840638.731347853
0.88 308.35493553073 40615.83752158 -62.3806155165564 -62.3807706036984 0.000155087141997265 -15969.4375722384 -15969.4772745468 0.0397023083512999 840657.069785161
0.89 305.160741629449 40615.83752158 -62.3806155164375 -62.3807689970593 0.000153480621893145 -15969.437572208 -15969.4768632472 0.0392910392046452 840726.862398566
0.9 300.05089310986 40615.83752158 -62.3806155162798 -62.380766426903 0.000150910623129941 -15969.4375721676 -15969.4762052872 0.0386331195212648 840843.721239517
0.91 293.530341789232 40615.83752158 -62.380615516026 -62.3807631471373 0.000147631111268643 -15969.4375721027 -15969.4753656671 0.0377935644847727 840977.703614746
0.92 286.427166575972 40615.83752158 -62.3806155156579 -62.3807595742265 0.000144058568669206 -15969.4375720084 -15969.474451002 0.0368789935793167 841128.124464513
0.93 279.942868507318 40615.83752158 -62.3806155152398 -62.3807563125302 0.000140797290384183 -15969.4375719014 -15969.4736160077 0.0360441063383508 841278.501948611
0.94 275.450327680129 40615.83752158 -62.3806155148742 -62.3807540526407 0.000138537766579268 -15969.4375718078 -15969.473037476 0.0354656682442926 841392.668849616
0.95 274.170628171358 40615.83752158 -62.3806155146543 -62.3807534087959 0.000137894141598565 -15969.4375717515 -15969.4728726518 0.0353009002492327 841433.857713367
0.96 276.83143054577 40615.83752158 -62.3806155147278 -62.3807547471202 0.000139232392387244 -15969.4375717703 -15969.4732152628 0.0356434924511345 841360.286736497
0.97 283.181962121794 40615.83752158 -62.3806155152205 -62.3807579416133 0.000142426392803011 -15969.4375718964 -15969.474033053 0.0364611565575708 841196.384215526
0.98 291.632110588703 40615.83752158 -62.3806155160697 -62.3807621924654 0.000146676395719066 -15969.4375721138 -15969.4751212711 0.0375491573040809 840977.28835833
0.99 299.557840739235 40615.83752158 -62.3806155168962 -62.3807661795386 0.000150662642396688 -15969.4375723254 -15969.4761419619 0.038569636453552 840766.092080322
1 304.414999027196 40615.83752158 -62.3806155172541 -62.3807686228047 0.000153105550585628 -15969.437572417 -15969.476767438 0.0391950209499207 840634.609930585
