# Fix print output for fix extra
0 600 301.717650160308 -62.3370166636849 -62.3373184337377 0.000301770052871704 -15958.2762659033 -15958.3535190369 0.0772531335351563 -38685.461832107
0.01 582.726738896691 301.717650160308 -62.3370166631317 -62.3373097455964 0.000293082464677684 -15958.2762657617 -15958.3512948727 0.075029110957487 -37323.6232096746
0.02 533.115950013674 301.717650160308 -62.3370166611297 -62.3372847918437 0.000268130714037292 -15958.2762652492 -15958.344906712 0.0686414627935468 -33468.4563158283
0.03 458.312517819426 301.717650160308 -62.3370166574942 -62.3372471658154 0.000230508321223553 -15958.2762643185 -15958.3352744487 0.0590101302332296 -27787.0481735824
0.04 370.658193520251 301.717650160308 -62.3370166525112 -62.3372030750823 0.000186422571093228 -15958.2762630429 -15958.3239872211 0.0477241781998663 -21271.7418362412
0.05 286.333468707579 301.717650160308 -62.3370166474364 -62.3371606588797 0.000144011443318041 -15958.2762617437 -15958.3131286732 0.0368669294894184 -15051.8553916201
0.06 221.378268275196 301.717650160308 -62.3370166441046 -62.3371279863242 0.000111342219536754 -15958.2762608908 -15958.304764499 0.0285036082014089 -10127.5781962601
0.07 186.20719287799 301.717650160308 -62.3370166438561 -62.3371102967801 9.36529240664711e-05 -15958.2762608272 -15958.3002359757 0.0239751485610166 -7102.09990403865
0.08 181.753268727003 301.717650160308 -62.3370166465471 -62.3371080593696 9.14128225222547e-05 -15958.2762615161 -15958.2996631986 0.0234016825656972 -6038.84433018738
0.09 199.910057476744 301.717650160308 -62.3370166507097 -62.3371171954907 0.000100544781023904 -15958.2762625817 -15958.3020020456 0.0257394639421194 -6508.91883846155
0.1 227.872712289223 301.717650160308 -62.3370166545595 -62.3371312631603 0.000114608600725896 -15958.2762635672 -15958.305603369 0.0293398017858293 -7798.09457991495
0.11 253.538799616932 301.717650160308 -62.3370166568916 -62.3371441742533 0.00012751736160905 -15958.2762641643 -15958.3089086088 0.0326444445719168 -9180.56678514344
0.12 269.313061949437 301.717650160308 -62.3370166573582 -62.3371521083864 0.000135451028239204 -15958.2762642837 -15958.3109397469 0.0346754632292362 -10141.8432150746
0.13 273.354447486013 301.717650160308 -62.3370166563044 -62.3371541399478 0.000137483643450949 -15958.2762640139 -15958.3114598266 0.035195812723443 -10483.1144956665
0.14 268.643517718805 301.717650160308 -62.3370166544596 -62.3371517687405 0.000135114280909407 -15958.2762635417 -15958.3108527976 0.0345892559128082 -10305.1074749189
0.15 260.767320332989 301.717650160308 -62.3370166526471 -62.3371478055938 0.000131152946740165 -15958.2762630777 -15958.309838232 0.0335751543654822 -9900.03374692421
0.16 255.375239032086 301.717650160308 -62.3370166514874 -62.3371450924864 0.000128440998974728 -15958.2762627808 -15958.3091436765 0.0328808957375303 -9609.53409797163
0.17 256.208080289266 301.717650160308 -62.3370166512211 -62.3371455110977 0.000128859876558416 -15958.2762627126 -15958.309250841 0.0329881283989545 -9696.85212385405
0.18 264.273759894579 301.717650160308 -62.3370166517082 -62.337149568219 0.000132916510826652 -15958.2762628373 -15958.3102894641 0.0340266267716229 -10274.8191197968
0.19 278.17707386129 301.717650160308 -62.3370166526087 -62.3371565617925 0.000139909183811363 -15958.2762630678 -15958.3120798189 0.0358167510557088 -11293.8355181442
0.2 295.109925409085 301.717650160308 -62.3370166535818 -62.3371650791448 0.000148425562989441 -15958.2762633169 -15958.3142602611 0.0379969441252968 -12584.8085650563
0.21 311.90896127687 301.717650160308 -62.3370166543978 -62.3371735290373 0.000156874639559466 -15958.2762635258 -15958.3164234336 0.0401599077272232 -13918.2235068708
0.22 325.82553155878 301.717650160308 -62.3370166549539 -62.3371805289337 0.000163873979809073 -15958.2762636682 -15958.318215407 0.0419517388311228 -15064.6625220051
0.23 334.936341125346 301.717650160308 -62.3370166552146 -62.3371851114768 0.000168456262283418 -15958.2762637349 -15958.3193885381 0.0431248031445551 -15845.7257161855
0.24 338.31023189003 301.717650160308 -62.3370166551746 -62.3371868083355 0.000170153160940821 -15958.2762637247 -15958.3198229339 0.0435592092008502 -16169.3134900638
0.25 336.056074012877 301.717650160308 -62.3370166548386 -62.3371856742707 0.000169019432037872 -15958.2762636387 -15958.3195326133 0.0432689746016952 -16036.7155044623
0.26 329.293263297382 301.717650160308 -62.3370166542533 -62.3371822723291 0.000165618075792578 -15958.2762634888 -15958.3186617162 0.0423982274029 -15541.042189661
0.27 319.966062154076 301.717650160308 -62.3370166535382 -62.3371775804974 0.000160926959155644 -15958.2762633058 -15958.3174606073 0.041197301543845 -14838.5824361486
0.28 310.431321070745 301.717650160308 -62.3370166528681 -62.3371727843283 0.000156131460287586 -15958.2762631342 -15958.3162327881 0.039969653833622 -14114.4981141406
0.29 302.894141113172 301.717650160308 -62.337016652422 -62.3371689930569 0.000152340634963752 -15958.27626302 -15958.3152622226 0.0389992025507206 -13533.1029362664
0.3 298.838040836653 301.717650160308 -62.3370166523308 -62.3371669529497 0.000150300618972256 -15958.2762629967 -15958.3147399551 0.0384769584568974 -13203.11216099
0.31 298.624431287906 301.717650160308 -62.3370166526067 -62.3371668457908 0.00015019318403089 -15958.2762630673 -15958.3147125224 0.0384494551119078 -13150.4462104949
0.32 301.461707885661 301.717650160308 -62.3370166531107 -62.3371682733032 0.00015162019254575 -15958.2762631963 -15958.3150779656 0.0388147692917121 -13324.8844636286
0.33 305.824949751913 301.717650160308 -62.3370166536112 -62.3371704682967 0.000153814685426868 -15958.2762633245 -15958.3156398839 0.0393765594692783 -13626.1692570736
0.34 310.140248363741 301.717650160308 -62.3370166539246 -62.3371726389899 0.000155985065243949 -15958.2762634047 -15958.3161955814 0.039932176702451 -13939.5480127875
0.35 313.3342369752 301.717650160308 -62.3370166540309 -62.337174245513 0.000157591482097536 -15958.2762634319 -15958.3166068513 0.0403434194169691 -14174.5300808653
0.36 314.928838930042 301.717650160308 -62.3370166540485 -62.3371750475358 0.000158393487291239 -15958.2762634364 -15958.3168121692 0.0405487327465571 -14273.0364100646
0.37 314.743759330974 301.717650160308 -62.3370166540954 -62.3371749544969 0.000158300401490578 -15958.2762634484 -15958.3167883512 0.040524902781588 -14207.3550921947
0.38 312.578508740471 301.717650160308 -62.3370166541712 -62.3371738655597 0.000157211388515284 -15958.2762634678 -15958.3165095833 0.0402461154599126 -13976.5997543489
0.39 308.219339191872 301.717650160308 -62.3370166541518 -62.3371716730956 0.000155018943806688 -15958.2762634629 -15958.3159483125 0.0396848496145122 -13597.5111647297
0.4 301.769927933828 301.717650160308 -62.3370166539141 -62.337168429126 0.000151775211846136 -15958.276263402 -15958.3151178562 0.0388544542326109 -13112.0191880611
0.41 293.991202323333 301.717650160308 -62.3370166534326 -62.3371645163337 0.00014786290111488 -15958.2762632787 -15958.3141161814 0.0378529026854093 -12594.1736550119
0.42 286.356310648037 301.717650160308 -62.3370166528167 -62.3371606757484 0.000144022931674007 -15958.2762631211 -15958.3131329916 0.0368698705085458 -12142.5602713951
0.43 280.716862235746 301.717650160308 -62.3370166522741 -62.3371578388447 0.0001411865705981 -15958.2762629822 -15958.3124067443 0.0361437620731136 -11862.0584971036
0.44 278.677110659879 301.717650160308 -62.3370166520298 -62.3371568127072 0.000140160677363276 -15958.2762629196 -15958.312144053 0.0358811334049986 -11828.0577862502
0.45 280.929619862435 301.717650160308 -62.3370166522092 -62.3371579457862 0.000141293577065191 -15958.2762629655 -15958.3124341213 0.036171155728689 -12062.5814230925
0.46 286.893549774441 301.717650160308 -62.3370166527701 -62.3371609459062 0.000144293136139973 -15958.2762631091 -15958.313202152 0.0369390428518332 -12520.6520608794
0.47 294.84641833301 301.717650160308 -62.3370166535232 -62.3371649465553 0.000148293032082308 -15958.2762633019 -15958.3142263182 0.037963016213071 -13096.1264934353
0.48 302.497571040251 301.717650160308 -62.3370166542182 -62.3371687953982 0.000152141180010631 -15958.2762634798 -15958.3152116219 0.0389481420827215 -13651.3331375655
0.49 307.760502876899 301.717650160308 -62.337016654619 -62.337171442791 0.00015478817204164 -15958.2762635825 -15958.3158893545 0.0396257720426599 -14062.0101307602
0.5 309.470118637608 301.717650160308 -62.3370166545792 -62.3371723026026 0.000155648023439139 -15958.2762635723 -15958.3161094663 0.0398458940004196 -14256.5966417118
0.51 307.810510362226 301.717650160308 -62.337016654124 -62.3371714674473 0.000154813323310792 -15958.2762634557 -15958.3158956665 0.0396322107675627 -14235.2361569647
0.52 304.214188348025 301.717650160308 -62.3370166534672 -62.33716965802 0.000153004552836844 -15958.2762632876 -15958.3154324531 0.0391691655262319 -14070.9862305814
0.53 300.713718733091 301.717650160308 -62.337016652897 -62.3371678968884 0.000151243991335553 -15958.2762631416 -15958.3149816034 0.0387184617819015 -13874.6271322434
0.54 299.075259498911 301.717650160308 -62.3370166526209 -62.337167072549 0.000150419928119342 -15958.2762630709 -15958.3147705725 0.0385075015985515 -13750.6096822911
0.55 300.155510680682 301.717650160308 -62.337016652693 -62.3371676159335 0.000150963240546405 -15958.2762630894 -15958.314909679 0.0386465895798796 -13758.0452059745
0.56 303.71621692869 301.717650160308 -62.3370166530361 -62.3371694071341 0.000152754098067608 -15958.2762631772 -15958.3153682263 0.0391050491053076 -13896.3261505982
0.57 308.647995211287 301.717650160308 -62.3370166535116 -62.337171888048 0.000155234536389426 -15958.276263299 -15958.3160033403 0.0397400413156931 -14118.6841668161
0.58 313.413717643128 301.717650160308 -62.3370166539443 -62.3371742854012 0.000157631456906473 -15958.2762634097 -15958.3166170627 0.0403536529680572 -14347.8000196545
0.59 316.603126909425 301.717650160308 -62.3370166541649 -62.3371758897355 0.000159235570578007 -15958.2762634662 -15958.3170277723 0.0407643060679697 -14507.9680365861
0.6 317.455810200233 301.717650160308 -62.3370166540813 -62.337176318509 0.000159664427714257 -15958.2762634448 -15958.3171375383 0.0408740934948497 -14558.7269446425
0.61 316.134971648105 301.717650160308 -62.3370166537377 -62.3371756538496 0.000159000111848072 -15958.2762633569 -15958.3169673855 0.0407040286331065 -14502.3216636197
0.62 313.599329063139 301.717650160308 -62.337016653298 -62.3371743781081 0.000157724810186524 -15958.2762632443 -15958.3166407957 0.0403775514077501 -14385.0082280428
0.63 311.125581501948 301.717650160308 -62.3370166529532 -62.3371731335918 0.000156480638632638 -15958.276263156 -15958.3163221995 0.0400590434899552 -14272.3447170952
0.64 309.744449452109 301.717650160308 -62.3370166528131 -62.3371724388113 0.000155785998146466 -15958.2762631202 -15958.3161443357 0.0398812155254954 -14220.5492947508
0.65 309.911391128876 301.717650160308 -62.3370166528523 -62.3371725228137 0.000155869961477507 -15958.2762631302 -15958.3161658403 0.0399027101382419 -14257.4236603457
0.66 311.548794356566 301.717650160308 -62.3370166529722 -62.3371733464657 0.000156693493575161 -15958.2762631609 -15958.3163766952 0.0401135343552412 -14381.4482738851
0.67 314.296159847853 301.717650160308 -62.3370166531131 -62.3371747283944 0.0001580752812911 -15958.276263197 -15958.316730469 0.0404672720105217 -14568.7262461344
0.68 317.675424865649 301.717650160308 -62.3370166533009 -62.3371764281838 0.00015977488292958 -15958.276263245 -15958.3171656151 0.0409023700299724 -14781.385103722
0.69 321.03534650291 301.717650160308 -62.3370166535908 -62.3371781183466 0.000161464755813115 -15958.2762633192 -15958.3175982967 0.0413349774881575 -14979.0699875773
0.7 323.442170091681 301.717650160308 -62.3370166539387 -62.3371793292067 0.000162675267949175 -15958.2762634083 -15958.3179082769 0.0416448685949889 -15112.619561055
0.71 323.842781116856 301.717650160308 -62.3370166541829 -62.3371795309382 0.000162876755299589 -15958.2762634708 -15958.3179599202 0.0416964493566948 -15139.9463693699
0.72 321.54780907793 301.717650160308 -62.3370166541475 -62.3371783766464 0.000161722498910379 -15958.2762634618 -15958.3176644215 0.0414009597210571 -15036.3320408772
0.73 316.733352106855 301.717650160308 -62.3370166537923 -62.3371759548596 0.00015930106735253 -15958.2762633708 -15958.3170444441 0.0407810732422476 -14812.5044140262
0.74 310.540131552184 301.717650160308 -62.3370166532693 -62.3371728394558 0.000156186186528814 -15958.2762632369 -15958.3162469007 0.0399836637513764 -14517.6366210309
0.75 304.626736090985 301.717650160308 -62.3370166528117 -62.3371698648555 0.000153212043760519 -15958.2762631198 -15958.315485403 0.0392222832026928 -14229.3856017214
0.76 300.469397767225 301.717650160308 -62.3370166525755 -62.3371677736856 0.000151121110084241 -15958.2762630593 -15958.3149500635 0.0386870041815656 -14031.8235593876
0.77 298.882784224244 301.717650160308 -62.3370166525606 -62.3371669756832 0.000150323122662987 -15958.2762630555 -15958.3147457749 0.0384827194017247 -13986.567215262
0.78 299.986307955159 301.717650160308 -62.3370166526645 -62.3371675308045 0.000150878140020693 -15958.2762630821 -15958.3148878859 0.0386248038452974 -14119.4254988534
0.79 303.463476912411 301.717650160308 -62.3370166528155 -62.3371692797979 0.000152626982454149 -15958.2762631208 -15958.3153356283 0.0390725075082622 -14420.8859857039
0.8 308.769236253968 301.717650160308 -62.3370166530251 -62.3371719485396 0.000155295514582526 -15958.2762631744 -15958.3160188261 0.0397556517331267 -14845.735109433
0.81 315.119069428481 301.717650160308 -62.3370166533437 -62.3371751425075 0.000158489163737192 -15958.276263256 -15958.3168364819 0.0405732259167211 -15320.6003928658
0.82 321.391582222937 301.717650160308 -62.3370166537539 -62.3371782976785 0.000161643924599894 -15958.276263361 -15958.3176442057 0.0413808446975728 -15747.8768724308
0.83 326.213446113964 301.717650160308 -62.3370166541523 -62.3371807232338 0.000164069081468786 -15958.276263463 -15958.3182651478 0.0420016848560093 -16024.6285058548
0.84 328.284145143489 301.717650160308 -62.3370166544087 -62.3371817649484 0.000165110539728155 -15958.2762635286 -15958.3185318268 0.0422682981704076 -16067.3832385266
0.85 326.77869563188 301.717650160308 -62.3370166544201 -62.3371810077939 0.000164353373763632 -15958.2762635315 -15958.3183379952 0.0420744636834897 -15838.0290807782
0.86 321.668565267791 301.717650160308 -62.3370166541376 -62.3371784373709 0.000161783233246711 -15958.2762634592 -15958.3176799669 0.041416507711158 -15356.7082747028
0.87 313.857276535512 301.717650160308 -62.3370166535906 -62.3371745081355 0.000157854544890484 -15958.2762633192 -15958.3166740827 0.0404107634919639 -14710.954203571
0.88 305.076341204372 301.717650160308 -62.3370166528865 -62.3371700910592 0.000153438172691916 -15958.2762631389 -15958.3155433111 0.0392801722091304 -14029.8706510472
0.89 297.52095556883 301.717650160308 -62.337016652226 -62.3371662904168 0.000149638190820743 -15958.2762629698 -15958.3145703467 0.0383073768501102 -13459.6300233977
0.9 293.236221047904 301.717650160308 -62.3370166518301 -62.3371641350133 0.000147483183215874 -15958.2762628685 -15958.3140185634 0.0377556949032639 -13125.1951203698
0.91 293.43738701043 301.717650160308 -62.3370166518671 -62.3371642362267 0.000147584359654454 -15958.276262878 -15958.314044474 0.0377815960715402 -13093.7986830273
0.92 298.020338540868 301.717650160308 -62.3370166523466 -62.3371665417021 0.000149889355530535 -15958.2762630007 -15958.3146346757 0.038371675015817 -13354.2682967155
0.93 305.545651811646 301.717650160308 -62.3370166530991 -62.3371703273117 0.000153674212503199 -15958.2762631934 -15958.3156037918 0.039340598400819 -13818.7550824951
0.94 313.750283118162 301.717650160308 -62.3370166538544 -62.337174454587 0.0001578007325418 -15958.2762633867 -15958.3166603743 0.0403969875307008 -14349.5522995779
0.95 320.359691789615 301.717650160308 -62.3370166543745 -62.3371777793097 0.000161124935215525 -15958.2762635199 -15958.3175115033 0.0412479834151743 -14802.3995780729
0.96 323.822027233945 301.717650160308 -62.3370166545363 -62.3371795208534 0.00016286631713235 -15958.2762635613 -15958.3179573385 0.0416937771858816 -15072.2524587486
0.97 323.692733773597 301.717650160308 -62.3370166543615 -62.3371794556505 0.000162801288975075 -15958.2762635165 -15958.3179406465 0.0416771299776191 -15117.5860122477
0.98 320.592636564901 301.717650160308 -62.3370166539708 -62.3371778960656 0.000161242094810782 -15958.2762634165 -15958.3175413928 0.0412779762715602 -14961.2900448838
0.99 315.841142359414 301.717650160308 -62.3370166535306 -62.337175505861 0.000158852330381433 -15958.2762633038 -15958.3169295004 0.0406661965776469 -14677.5542343956
1 310.934218750579 301.717650160308 -62.3370166532061 -62.3371730375988 0.000156384392719974 -15958.2762632208 -15958.3162976253 0.0400344045363133 -14358.9286215149
