# Fix print output for fix extra
0 600 301.717650160308 -62.3370527177742 -62.3373544878271 0.000301770052871704 -15958.2854957502 -15958.3627488837 0.0772531335351563 -39344.5376758498
0.01 577.721287699673 301.717650160308 -62.3370230698215 -62.3373136347941 0.000290564972557065 -15958.2779058743 -15958.3522905073 0.0743846329746087 -34003.2156362274
0.02 514.141551245776 301.717650160308 -62.3370377909534 -62.3372963784919 0.000258587538504963 -15958.2816744841 -15958.3478728939 0.0661984098572705 -20645.1462567553
0.03 421.358929083557 301.717650160308 -62.3370501928427 -62.3372621153532 0.000211922510512516 -15958.2848493677 -15958.3391015304 0.0542521626912041 -955.0262955919
0.04 319.211764049829 301.717650160308 -62.3370526093134 -62.3372131568983 0.000160547584857645 -15958.2854679842 -15958.326568166 0.0411001817235571 20592.7718489695
0.05 229.626714165908 301.717650160308 -62.3370481265328 -62.3371636173089 0.000115490776124336 -15958.2843203924 -15958.3138860311 0.0295656386878301 37892.1705023107
0.06 172.341307674208 301.717650160308 -62.3370461805894 -62.3371328596653 8.6679075881374e-05 -15958.2838222309 -15958.3060120743 0.0221898434256317 45320.2576816763
0.07 156.122779537215 301.717650160308 -62.3370521303688 -62.3371306523345 7.85219657257044e-05 -15958.2853453744 -15958.3054469976 0.0201016232257803 40464.6068043857
0.08 173.237814485217 301.717650160308 -62.3370620274949 -62.337149157469 8.71299740609709e-05 -15958.2878790387 -15958.3101843121 0.0223052733596086 25365.8024474984
0.09 205.743399195621 301.717650160308 -62.3370671282483 -62.3371706069091 0.000103478660755444 -15958.2891848316 -15958.3156753687 0.0264905371533938 5267.77196998804
0.1 236.66862880111 301.717650160308 -62.3370627456721 -62.3371817781798 0.000119032507710641 -15958.2880628921 -15958.318535214 0.0304723219739241 -14074.5171835669
0.11 256.343846801368 301.717650160308 -62.3370520268019 -62.3371809549623 0.000128928160337641 -15958.2853188613 -15958.3183244703 0.0330056090464362 -28476.1366398015
0.12 262.353589504403 301.717650160308 -62.3370421820099 -62.3371741327709 0.000131950760959708 -15958.2827985945 -15958.3165779893 0.0337793948056853 -35886.2949705874
0.13 256.862778076942 301.717650160308 -62.3370384038175 -62.3371675929743 0.000129189156868419 -15958.2818313773 -15958.3149038014 0.0330724241583154 -35900.9880982037
0.14 244.446146831495 301.717650160308 -62.3370406835569 -62.337163627768 0.000122944211089374 -15958.2824149906 -15958.3138887086 0.0314737180388798 -29180.1725453863
0.15 231.091668375486 301.717650160308 -62.3370447231475 -62.3371609507225 0.000116227574973135 -15958.2834491258 -15958.313203385 0.0297542591931225 -17245.4972749781
0.16 223.533397468523 301.717650160308 -62.3370455231126 -62.3371579492546 0.000112426141954446 -15958.2836539168 -15958.3124350092 0.0287810923403382 -2517.79988434778
0.17 227.822483166155 301.717650160308 -62.3370410682416 -62.3371556515796 0.000114583337984023 -15958.2825134699 -15958.3118468044 0.0293333345239098 11834.6970992337
0.18 246.931344659119 301.717650160308 -62.3370334269295 -62.3371576210711 0.000124194141555772 -15958.280557294 -15958.3123509942 0.0317937002382777 22565.857968407
0.19 278.665783827313 301.717650160308 -62.3370265449707 -62.3371666999513 0.000140154980531839 -15958.2787955125 -15958.3146751875 0.0358796750161507 27389.8635506517
0.2 315.786028963672 301.717650160308 -62.3370229558628 -62.3371817804739 0.000158824611094188 -15958.2778767009 -15958.3185358013 0.0406591004401121 25775.2812517537
0.21 348.857567904936 301.717650160308 -62.3370223314004 -62.3371977893449 0.000175457944518945 -15958.2777168385 -15958.3226340723 0.0449172337968498 18999.2976859292
0.22 370.098512230846 301.717650160308 -62.337022616104 -62.3372087571833 0.000186141079339402 -15958.2777897226 -15958.3254418389 0.047652116310887 9459.99374640436
0.23 375.874280409578 301.717650160308 -62.3370221239082 -62.3372111699107 0.000189046002453854 -15958.2776637205 -15958.3260594971 0.0483957766281865 -279.961858749407
0.24 366.972494229104 301.717650160308 -62.337020665623 -62.3372052344713 0.000184568848309963 -15958.2772903995 -15958.3245400247 0.0472496251673505 -8234.38742842758
0.25 347.392577950478 301.717650160308 -62.3370191811655 -62.3371939022932 0.000174721127692256 -15958.2769103784 -15958.3216389871 0.0447286086892175 -13287.5848109126
0.26 322.766091081525 301.717650160308 -62.337018677536 -62.3371810127699 0.000162335233951442 -15958.2767814492 -15958.3183392691 0.0415578198915691 -15131.4226171663
0.27 299.008012037082 301.717650160308 -62.3370194627538 -62.3371698488598 0.000150386106002489 -15958.276982465 -15958.3154813081 0.0384988431366372 -14059.4928772499
0.28 281.291408172077 301.717650160308 -62.3370210668195 -62.337162542358 0.000141475538527406 -15958.2773931058 -15958.3136108436 0.036217737863016 -10750.4379325869
0.29 273.157203495494 301.717650160308 -62.3370226636075 -62.337160048047 0.000137384439568537 -15958.2778018835 -15958.3129723 0.0351704165295455 -6099.27584974692
0.3 275.725317542333 301.717650160308 -62.3370235989831 -62.3371622750559 0.000138676072754696 -15958.2780413397 -15958.3135424143 0.0355010746252021 -1064.3175309553
0.31 287.314880384268 301.717650160308 -62.3370237098427 -62.3371682148871 0.000144505044407313 -15958.2780697197 -15958.3150630111 0.0369932913682722 3478.99907242629
0.32 303.892044140714 301.717650160308 -62.3370233196924 -62.3371761622228 0.000152842530379389 -15958.2779698413 -15958.317097529 0.0391276877771237 6870.53215501337
0.33 320.355024523315 301.717650160308 -62.3370229907854 -62.3371841133732 0.000161122587813528 -15958.2778856411 -15958.3191330235 0.0412473824802631 8738.73025284585
0.34 332.095175264564 301.717650160308 -62.3370232117325 -62.3371902390302 0.000167027297663375 -15958.2779422035 -15958.3207011917 0.0427589882018241 9019.13484063763
0.35 336.148153890188 301.717650160308 -62.3370241847795 -62.3371932505231 0.00016906574362028 -15958.2781913036 -15958.3214721339 0.0432808303667916 7896.77543215451
0.36 331.645706737203 301.717650160308 -62.3370257863608 -62.3371925875982 0.000166801237427933 -15958.2786013084 -15958.3213024251 0.0427011167815507 5724.42587832303
0.37 319.729566959935 301.717650160308 -62.337027677363 -62.3371884853768 0.000160808013876911 -15958.2790854049 -15958.3202522565 0.0411668515524893 2937.42450347142
0.38 303.131645615704 301.717650160308 -62.3370294824761 -62.3371819425639 0.00015246008787423 -15958.2795475139 -15958.3185772964 0.0390297824958028 -30.463489860252
0.39 285.491281071092 301.717650160308 -62.3370309470745 -62.3371745349395 0.000143587864972057 -15958.2799224511 -15958.3166809445 0.0367584934328465 -2799.54089712467
0.4 270.513835283697 301.717650160308 -62.3370320053205 -62.3371680602778 0.000136054957293481 -15958.2801933621 -15958.3150234311 0.0348300690671312 -5067.68311894081
0.41 261.192118184578 301.717650160308 -62.337032744423 -62.3371641110218 0.000131366598857054 -15958.2803825723 -15958.3140124216 0.0336298493074059 -6611.44860916829
0.42 259.250204454291 301.717650160308 -62.3370333030254 -62.3371636929386 0.000130389913175286 -15958.2805255745 -15958.3139053923 0.0333798177728732 -7271.64136119929
0.43 264.829345567059 301.717650160308 -62.3370337681544 -62.3371669640971 0.000133195942689583 -15958.2806446475 -15958.3147428089 0.0340981613285334 -6955.16795245331
0.44 276.422269508224 301.717650160308 -62.337034124686 -62.3371731512908 0.000139026604807355 -15958.2807359196 -15958.3163267305 0.0355908108306829 -5639.85523550141
0.45 291.09494340746 301.717650160308 -62.3370342798168 -62.3371806860442 0.000146406227437925 -15958.2807756331 -15958.3182556273 0.0374799942241088 -3403.46774333167
0.46 305.078304481643 301.717650160308 -62.3370341477094 -62.3371875868695 0.000153439160122392 -15958.2807418136 -15958.3200222386 0.0392804249913324 -459.615468670567
0.47 314.738054573949 301.717650160308 -62.3370337470041 -62.3371920445364 0.00015829753228253 -15958.280639233 -15958.3211634013 0.0405241682643276 2815.32179861716
0.48 317.761357455292 301.717650160308 -62.3370332484712 -62.3371930665739 0.000159818102733113 -15958.2805116086 -15958.3214250429 0.0409134342996769 5884.79288519666
0.49 314.130803964648 301.717650160308 -62.3370329253172 -62.3371909174327 0.000157992115535071 -15958.2804288812 -15958.3208748628 0.0404459815769782 8117.29717336736
0.5 306.265837312984 301.717650160308 -62.3370330067891 -62.337187043219 0.00015403642986456 -15958.280449738 -15958.3198830641 0.0394333260453273 8932.94556532375
0.51 297.996149543451 301.717650160308 -62.3370335114136 -62.3371833886032 0.000149877189672153 -15958.2805789219 -15958.3189474824 0.038368560556071 7987.09989595744
0.52 292.825945159654 301.717650160308 -62.3370341869355 -62.3371814637704 0.000147276834921726 -15958.2807518555 -15958.3184547252 0.0377028697399619 5330.94805056455
0.53 292.535053474935 301.717650160308 -62.3370346472019 -62.3371817777328 0.000147130530923263 -15958.2808696837 -15958.3185350996 0.0376654159163554 1453.52349065353
0.54 296.782273861948 301.717650160308 -62.3370346458263 -62.3371839124971 0.000149266670791175 -15958.2808693315 -15958.3190815993 0.0382122677225407 -2833.90968872215
0.55 303.617636992997 301.717650160308 -62.3370342816719 -62.3371869861891 0.000152704517280264 -15958.280776108 -15958.3198684644 0.0390923564237477 -6605.99481906549
0.56 310.400241276156 301.717650160308 -62.337033954108 -62.3371900699367 0.000156115828702159 -15958.2806922516 -15958.3206579038 0.0399656521477527 -9045.89016572456
0.57 314.738065242342 301.717650160308 -62.3370340820268 -62.3371923795645 0.000158297537648199 -15958.2807249989 -15958.3212491685 0.040524169637939 -9614.44191996879
0.58 315.227241075887 301.717650160308 -62.3370347960411 -62.3371933396098 0.000158543568676786 -15958.2809077865 -15958.3214949401 0.0405871535812573 -8159.1731364429
0.59 311.826880109143 301.717650160308 -62.3370358444441 -62.337192677801 0.000156833356828924 -15958.2811761777 -15958.321325517 0.0401493393482046 -4950.41535279395
0.6 305.820195581277 301.717650160308 -62.3370367918028 -62.3371906040971 0.000153812294316328 -15958.2814187015 -15958.3207946489 0.03937594734498 -651.955502116178
0.61 299.341410990423 301.717650160308 -62.337037357675 -62.337187911464 0.000150553789035451 -15958.2815635648 -15958.3201053348 0.0385417699930754 3798.16042454303
0.62 294.583726298477 301.717650160308 -62.3370376202903 -62.3371857812014 0.000148160911100392 -15958.2816307943 -15958.3195599875 0.0379291932417002 7392.2427173048
0.63 293.021761433302 301.717650160308 -62.3370379170663 -62.3371852923871 0.000147375320733813 -15958.281706769 -15958.3194348511 0.037728082107856 9303.89455299379
0.64 294.997775385124 301.717650160308 -62.3370385361073 -62.3371869052644 0.000148369157125007 -15958.2818652435 -15958.3198477477 0.0379825042240017 9114.59281208256
0.65 299.741825425127 301.717650160308 -62.3370394758659 -62.3371902310434 0.000150755177510669 -15958.2821058217 -15958.3206991471 0.0385933254427313 6927.67446925457
0.66 305.674087407636 301.717650160308 -62.3370404789483 -62.3371942177575 0.00015373880919752 -15958.2823626108 -15958.3217197459 0.0393571351545652 3318.89664586156
0.67 310.811184478245 301.717650160308 -62.3370412890591 -62.3371976115717 0.000156322512621862 -15958.2825699991 -15958.3225885624 0.0400185632311966 -839.256809328799
0.68 313.251176226787 301.717650160308 -62.3370418878436 -62.3371994375503 0.000157549706686802 -15958.282723288 -15958.3230560129 0.0403327249118213 -4609.29531609334
0.69 311.763475554178 301.717650160308 -62.3370425059843 -62.3371993074518 0.000156801467502417 -15958.282881532 -15958.3230227077 0.0401411756806188 -7214.98618130222
0.7 306.3016525577 301.717650160308 -62.3370434147745 -62.3371974692176 0.000154054443145046 -15958.2831141823 -15958.3225521197 0.0394379374451317 -8188.62833284864
0.71 298.155128878826 301.717650160308 -62.3370446888089 -62.3371946459572 0.000149957148342888 -15958.2834403351 -15958.321829365 0.0383890299757794 -7436.70125365617
0.72 289.597594040446 301.717650160308 -62.3370461328225 -62.3371917859579 0.00014565313544184 -15958.2838100025 -15958.3210972052 0.0372872026731109 -5219.0206202955
0.73 283.152098653442 301.717650160308 -62.3370474166251 -62.337189827998 0.000142411372968972 -15958.284138656 -15958.3205959675 0.0364573114800569 -2088.69268079191
0.74 280.75919485869 301.717650160308 -62.3370483000045 -62.3371895078663 0.00014120786179454 -15958.2843648011 -15958.3205140138 0.0361492126194022 1241.19893526835
0.75 283.187152301615 301.717650160308 -62.3370487752558 -62.337191204259 0.000142429003204409 -15958.2844864655 -15958.3209482903 0.0364618248203288 4059.18670701428
0.76 289.858132389456 301.717650160308 -62.3370490385945 -62.3371948227678 0.000145784173227432 -15958.2845538802 -15958.3218746285 0.0373207483462227 5812.43224145253
0.77 299.049138410862 301.717650160308 -62.3370493400252 -62.3371997468157 0.000150406790515806 -15958.2846310464 -15958.3231351848 0.0385041383720463 6231.40218136114
0.78 308.327624026244 301.717650160308 -62.3370498391209 -62.3372049125266 0.000155073405673677 -15958.284758815 -15958.3244576068 0.0396987918524614 5384.85160606617
0.79 315.157147636297 301.717650160308 -62.3370505627202 -62.3372090710353 0.000158508315175168 -15958.2849440564 -15958.325522185 0.040578128684843 3624.20685915057
0.8 317.554310719223 301.717650160308 -62.3370514580533 -62.3372111720218 0.000159713968558962 -15958.2851732616 -15958.3260600376 0.0408867759510944 1458.69547596778
0.81 314.595598548806 301.717650160308 -62.3370524640617 -62.3372106899458 0.000158225884012131 -15958.2854307998 -15958.3259366261 0.0405058263071056 -603.31673153958
0.82 306.610054887514 301.717650160308 -62.3370535377989 -62.337207747353 0.000154209554124002 -15958.2857056765 -15958.3251833224 0.0394776458557446 -2171.06848452059
0.83 295.046888609671 301.717650160308 -62.3370546352157 -62.3372030290743 0.00014839385862562 -15958.2859866152 -15958.323975443 0.0379888278081588 -3036.88605928853
0.84 282.143234407886 301.717650160308 -62.337055685692 -62.3371975896566 0.000141903964607769 -15958.2862555372 -15958.3225829521 0.0363274149395888 -3195.64945152387
0.85 270.497405052786 301.717650160308 -62.3370565927034 -62.3371926393971 0.000136046693707397 -15958.2864877321 -15958.3213156857 0.0348279535890936 -2799.8829430168
0.86 262.572239732732 301.717650160308 -62.3370572591479 -62.337189319879 0.000132060731111314 -15958.2866583419 -15958.320465889 0.0338075471644963 -2089.29613828151
0.87 260.125803563217 301.717650160308 -62.3370576138772 -62.337188444173 0.000130830295824277 -15958.2867491526 -15958.3202417083 0.033492555731015 -1309.45335934156
0.88 263.658517656924 301.717650160308 -62.3370576232353 -62.33719023031 0.000132607074689009 -15958.2867515482 -15958.3206989593 0.0339474111203862 -633.751544491815
0.89 272.126207245746 301.717650160308 -62.3370572904893 -62.3371941563892 0.000136865899913875 -15958.2866663653 -15958.3217040356 0.035037670377952 -124.256816163824
0.9 283.155295336991 301.717650160308 -62.3370566532809 -62.3371990662616 0.000142412980741245 -15958.2865032399 -15958.322960963 0.0364577230697586 263.201778942031
0.91 293.79933220618 301.717650160308 -62.3370557803578 -62.3372035467578 0.00014776640002255 -15958.2862797716 -15958.32410797 0.0378281984057729 626.088802529606
0.92 301.531262317081 301.717650160308 -62.337054759743 -62.337206414918 0.000151655174953162 -15958.2860184942 -15958.324842219 0.0388237247880095 1043.80105828123
0.93 305.049694704473 301.717650160308 -62.3370536764447 -62.3372071012155 0.000153424770832444 -15958.2857411698 -15958.3250179112 0.0392767413331055 1519.4029801696
0.94 304.533237938583 301.717650160308 -62.3370525898854 -62.3372057549043 0.000153165018856529 -15958.2854630107 -15958.3246732555 0.0392102448272714 1954.52132588725
0.95 301.311756048065 301.717650160308 -62.3370515216938 -62.3372030664681 0.000151544774255818 -15958.2851895536 -15958.3239850158 0.0387954622094893 2189.1430455142
0.96 297.243633609709 301.717650160308 -62.3370504547562 -62.3371999534679 0.000149498711716965 -15958.2849164176 -15958.3231880878 0.0382716701995432 2070.51773931341
0.97 294.062392318535 301.717650160308 -62.3370493414513 -62.3371972401574 0.00014789870612924 -15958.2846314115 -15958.3224934803 0.0378620687690855 1520.31446478128
0.98 292.830055009124 301.717650160308 -62.3370481222591 -62.3371954011611 0.000147278901970879 -15958.2843192983 -15958.3220226972 0.037703398904545 586.595857292343
0.99 293.664670521578 301.717650160308 -62.3370467537189 -62.3371944523908 0.000147698671916414 -15958.283968952 -15958.3217798121 0.0378108600106019 -560.993047300817
1 295.917133158929 301.717650160308 -62.3370452342572 -62.3371940658054 0.000148831548198355 -15958.2835799699 -15958.3216808462 0.0381008763387789 -1668.3158288356
