# Fix print output for fix extra
0 600 46418.1000246628 -62.3943381900031 -62.394639960056 0.000301770052871704 -15972.9505766408 -15973.0278297743 0.0772531335351563 1031085.23531876
0.01 564.13549138171 46418.1000246628 -62.3943381863269 -62.394621918322 0.000283731995101773 -15972.9505756997 -15973.0232110904 0.0726353907460538 1031835.99175714
0.02 468.208888832203 46418.1000246628 -62.3943381763098 -62.3945736620117 0.000235485701896493 -15972.9505731353 -15973.010857475 0.0602843396855022 1033843.33307575
0.03 343.595261769988 46418.1000246628 -62.394338163393 -62.3945109746601 0.000172811267184661 -15972.9505698286 -15972.994809513 0.0442396843992731 1036447.05996987
0.04 230.397635957839 46418.1000246628 -62.3943381525989 -62.3944540311102 0.000115878511307521 -15972.9505670653 -15972.9802319642 0.0296648988947254 1038847.38541701
0.05 161.78437679118 46418.1000246628 -62.394338148633 -62.3944195180996 8.13694665634834e-05 -15972.9505660501 -15972.9713966335 0.0208305834402517 1040391.66804757
0.06 150.126550908951 46418.1000246628 -62.3943381526186 -62.3944136587806 7.55061620087345e-05 -15972.9505670704 -15972.9698966478 0.019329577474236 1040729.06670428
0.07 183.559988400751 46418.1000246628 -62.394338161612 -62.3944304831243 9.23215123413734e-05 -15972.9505693727 -15972.9742036798 0.0236343071593916 1040069.7709286
0.08 234.771873710402 46418.1000246628 -62.3943381706518 -62.3944562491864 0.000118078534570629 -15972.9505716869 -15972.9807997917 0.0302281048500809 1039001.86540023
0.09 275.909282566563 46418.1000246628 -62.3943381757153 -62.3944769443133 0.000138768597979843 -15972.9505729831 -15972.9860977442 0.0355247610828397 1038106.15699456
0.1 291.110253404717 46418.1000246628 -62.3943381752671 -62.3944845891947 0.000146413927602394 -15972.9505728684 -15972.9880548338 0.0374819654662129 1037723.9813227
0.11 281.27831788921 46418.1000246628 -62.3943381706181 -62.3944796395728 0.000141468954768485 -15972.9505716782 -15972.9867877306 0.0362160524207321 1037809.77736829
0.12 260.414299655272 46418.1000246628 -62.3943381646589 -62.3944691400539 0.000130975394959199 -15972.9505701527 -15972.9840998538 0.0335297011095549 1038109.13962902
0.13 246.725491547558 46418.1000246628 -62.3943381604942 -62.3944622511019 0.000124090607715173 -15972.9505690865 -15972.9823362821 0.0317671955750843 1038269.18810659
0.14 253.046770948928 46418.1000246628 -62.3943381600689 -62.3944654299647 0.00012726989574712 -15972.9505689776 -15972.983150071 0.0325810933112628 1038028.50821755
0.15 280.80588286445 46418.1000246628 -62.3943381633728 -62.3944793947163 0.000141231343531151 -15972.9505698234 -15972.9867250474 0.0361552239439747 1037389.621183
0.16 319.910846513954 46418.1000246628 -62.3943381686708 -62.3944990678592 0.000160899188444579 -15972.9505711797 -15972.991761372 0.0411901922418123 1036583.14680857
0.17 354.069151634165 46418.1000246628 -62.3943381734386 -62.3945162525496 0.000178079111014802 -15972.9505724003 -15972.9961606527 0.0455882524197894 1035920.25377528
0.18 368.587397792144 46418.1000246628 -62.3943381755201 -62.3945235565843 0.000185381064199299 -15972.9505729331 -15972.9980304856 0.0474575524350205 1035683.61044523
0.19 357.124625755198 46418.1000246628 -62.3943381739428 -62.3945177898048 0.000179615861993223 -15972.9505725293 -15972.99655419 0.045981660670265 1035969.57987965
0.2 324.640189476494 46418.1000246628 -62.3943381694014 -62.3945014472133 0.000163277811904336 -15972.9505713668 -15972.9923704866 0.0417991198475101 1036666.26406972
0.21 285.207755535545 46418.1000246628 -62.3943381639532 -62.3944816092189 0.000143445265778969 -15972.950569972 -15972.98729196 0.0367219880394161 1037491.76136639
0.22 255.683194430198 46418.1000246628 -62.3943381600718 -62.394466755957 0.000128595885169345 -15972.9505689784 -15972.983489525 0.0329205466033524 1038123.01138888
0.23 248.037174491868 46418.1000246628 -62.3943381594945 -62.3944629098133 0.000124750318767599 -15972.9505688306 -15972.9825049122 0.0319360816045053 1038302.32504651
0.24 264.013736521627 46418.1000246628 -62.3943381623867 -62.3944709481188 0.000132785732048313 -15972.950569571 -15972.9845627184 0.033993147404368 1038006.42068351
0.25 294.743295522534 46418.1000246628 -62.3943381671921 -62.3944864083586 0.000148241166455692 -15972.9505708012 -15972.9885205398 0.0379497386126572 1037395.65963473
0.26 325.39755163966 46418.1000246628 -62.3943381716298 -62.3945018303571 0.000163658727271039 -15972.9505719372 -15972.9924685714 0.0418966341813859 1036752.67643231
0.27 342.199429741915 46418.1000246628 -62.3943381737486 -62.3945102829819 0.000172109233343141 -15972.9505724796 -15972.9946324434 0.0440599637358441 1036365.6211899
0.28 338.438920354452 46418.1000246628 -62.3943381727869 -62.3945083906717 0.000170217884815343 -15972.9505722334 -15972.994148012 0.0435757785127277 1036401.37410104
0.29 316.907798654454 46418.1000246628 -62.3943381693651 -62.3944975581704 0.000159388805259016 -15972.9505713575 -15972.9913748916 0.0408035341463082 1036821.9827154
0.3 288.011429359284 46418.1000246628 -62.3943381651761 -62.3944830205499 0.000144855373775677 -15972.9505702851 -15972.9876532608 0.0370829756865733 1037407.07419702
0.31 264.638286433423 46418.1000246628 -62.3943381620748 -62.3944712619243 0.000133099849481485 -15972.9505694911 -15972.9846430526 0.0340735614672602 1037865.95328991
0.32 256.334424757852 46418.1000246628 -62.3943381614081 -62.3944670848296 0.000128923421520025 -15972.9505693205 -15972.9835737164 0.0330043959091263 1038011.7991677
0.33 265.190136021463 46418.1000246628 -62.3943381633856 -62.3944715407879 0.000133377402280419 -15972.9505698267 -15972.9847144417 0.0341446149837872 1037798.68283797
0.34 285.221922296135 46418.1000246628 -62.3943381669372 -62.3944816193281 0.000143452390952456 -15972.9505707359 -15972.987294548 0.0367238120838288 1037344.59885377
0.35 305.618679415463 46418.1000246628 -62.3943381702576 -62.3944918811994 0.000153710941742974 -15972.9505715859 -15972.989921587 0.0393500010862014 1036908.26739545
0.36 316.290723489414 46418.1000246628 -62.394338171689 -62.3944972501363 0.000159078447250383 -15972.9505719524 -15972.9912960349 0.0407240824960981 1036709.48263532
0.37 312.939282167134 46418.1000246628 -62.3943381705346 -62.3944955633741 0.000157392839542015 -15972.9505716569 -15972.9908642238 0.0402925669227559 1036823.56443076
0.38 299.129469972782 46418.1000246628 -62.3943381674724 -62.3944886146657 0.000150447193281952 -15972.9505708729 -15972.9890853544 0.0385144814801798 1037182.93866558
0.39 284.169229533293 46418.1000246628 -62.3943381642646 -62.3944810872036 0.000142922939034622 -15972.9505700517 -15972.9871583241 0.0365882723928633 1037582.65847794
0.4 277.751058172482 46418.1000246628 -62.3943381627755 -62.3944778576946 0.000139694919183136 -15972.9505696705 -15972.9863315698 0.0357618993108828 1037781.83389228
0.41 284.383286336395 46418.1000246628 -62.3943381637837 -62.3944811943826 0.000143030598922605 -15972.9505699286 -15972.987185762 0.0366158333241868 1037667.66102327
0.42 301.069275818743 46418.1000246628 -62.394338166576 -62.3944895893948 0.000151422818803113 -15972.9505706435 -15972.9893348851 0.0387642416135969 1037309.40763202
0.43 319.373724828539 46418.1000246628 -62.3943381695481 -62.3944987985911 0.000160629043045569 -15972.9505714043 -15972.9916924393 0.0411210350196656 1036910.48097211
0.44 330.227477212836 46418.1000246628 -62.3943381711247 -62.3945042590635 0.000166087938763679 -15972.9505718079 -15972.9930903202 0.0425185123235017 1036687.85071409
0.45 328.764861704528 46418.1000246628 -62.3943381705296 -62.3945035228458 0.00016535231616489 -15972.9505716556 -15972.9929018485 0.0423301929382118 1036734.76293283
0.46 316.722121552572 46418.1000246628 -62.3943381680993 -62.3944974635182 0.000159295418944263 -15972.9505710334 -15972.9913506607 0.0407796272497314 1037013.43763015
0.47 301.451079248212 46418.1000246628 -62.3943381650777 -62.3944897799245 0.000151614846871609 -15972.9505702599 -15972.9893836607 0.0388134007991318 1037362.54514574
0.48 292.158205983467 46418.1000246628 -62.3943381629395 -62.394485103935 0.000146940995444222 -15972.9505697125 -15972.9881866074 0.0376168948337207 1037580.51513515
0.49 295.387751647998 46418.1000246628 -62.394338162699 -62.3944867279947 0.000148565295720783 -15972.9505696509 -15972.9886023666 0.0380327157045206 1037530.98971042
0.5 311.946446755952 46418.1000246628 -62.39433816443 -62.3944950579229 0.000156893492884473 -15972.9505700941 -15972.9907348283 0.0401647341784251 1037195.16415701
0.51 336.578895427851 46418.1000246628 -62.3943381673785 -62.3945074497636 0.000169282385114604 -15972.9505708489 -15972.9939071395 0.0433362905893387 1036690.25067682
0.52 360.192631791806 46418.1000246628 -62.3943381704239 -62.3945193293398 0.000181158915899686 -15972.9505716285 -15972.996948311 0.0463766824703197 1036192.52093311
0.53 373.324355579784 46418.1000246628 -62.3943381725193 -62.3945259360369 0.00018776351753601 -15972.9505721649 -15972.9986396254 0.0480674604892187 1035922.65200191
0.54 369.486974886452 46418.1000246628 -62.3943381729302 -62.3945240064368 0.000185833506578151 -15972.9505722701 -15972.9981456478 0.0475733776840066 1036031.86399682
0.55 347.365443689061 46418.1000246628 -62.3943381716143 -62.3945128790948 0.000174707480513085 -15972.9505719333 -15972.9952970483 0.0447251150113497 1036540.87669304
0.56 311.200682714947 46418.1000246628 -62.3943381688885 -62.3944946872993 0.000156518410794333 -15972.9505712354 -15972.9906399486 0.0400687131633493 1037314.39969913
0.57 269.59880879333 46418.1000246628 -62.3943381656458 -62.3944737603905 0.000135594744639519 -15972.9505704053 -15972.98528266 0.034712254627717 1038200.48420622
0.58 232.728898848049 46418.1000246628 -62.3943381629516 -62.3944552139718 0.000117051020183582 -15972.9505697156 -15972.9805347768 0.029965061166997 1038975.47114972
0.59 209.069917106003 46418.1000246628 -62.3943381615804 -62.3944433133136 0.000105151733231602 -15972.9505693646 -15972.9774882083 0.0269188437072902 1039455.82745823
0.6 202.992680720045 46418.1000246628 -62.3943381617466 -62.3944402569333 0.000102095186655761 -15972.9505694071 -15972.9767057749 0.0261363677838749 1039547.40746944
0.61 214.026809204219 46418.1000246628 -62.3943381631601 -62.3944458079626 0.000107644802549199 -15972.950569769 -15972.9781268384 0.0275570694525949 1039274.56038494
0.62 237.781535418545 46418.1000246628 -62.3943381651606 -62.3944577574048 0.000119592244191949 -15972.9505702811 -15972.9811858956 0.0306156145131389 1038732.88372463
0.63 267.9236639773 46418.1000246628 -62.3943381670687 -62.3944729192991 0.000134752230406684 -15972.9505707696 -15972.9850673406 0.0344965709841112 1038048.96087142
0.64 298.304227818841 46418.1000246628 -62.3943381684661 -62.3944882006038 0.000150032137667907 -15972.9505711273 -15972.9889793546 0.0384082272429843 1037357.23433504
0.65 324.260668162086 46418.1000246628 -62.3943381692988 -62.3945012562305 0.000163086931625811 -15972.9505713405 -15972.992321595 0.0417502544962077 1036773.34791647
0.66 342.99551743868 46418.1000246628 -62.3943381696229 -62.3945106792486 0.00017250962572038 -15972.9505714235 -15972.9947338876 0.0441624641844173 1036350.6895124
0.67 353.362754961094 46418.1000246628 -62.3943381695648 -62.3945158933936 0.000177723828745834 -15972.9505714086 -15972.9960687088 0.0454973001589335 1036116.87572473
0.68 355.500876339702 46418.1000246628 -62.3943381691957 -62.3945169683928 0.000178799197081615 -15972.9505713141 -15972.9963439086 0.0457725944528934 1036052.81975148
0.69 350.563455033591 46418.1000246628 -62.3943381686588 -62.3945144845794 0.000176315920600623 -15972.9505711767 -15972.9957080523 0.0451368756737596 1036142.07391718
0.7 340.339042207683 46418.1000246628 -62.3943381680267 -62.394509341578 0.000171173551268863 -15972.9505710148 -15972.994391444 0.0438204291248288 1036345.96200623
0.71 326.916826560152 46418.1000246628 -62.3943381674062 -62.3945025902529 0.000164422846726178 -15972.950570856 -15972.9926631047 0.0420922487619016 1036625.33152643
0.72 312.391185183308 46418.1000246628 -62.3943381668347 -62.3944952840089 0.000157117174115702 -15972.9505707097 -15972.9907927063 0.0402219965736197 1036948.43007057
0.73 298.739429868383 46418.1000246628 -62.3943381662969 -62.3944884173195 0.000150251022577074 -15972.950570572 -15972.9890348338 0.038464261779731 1037277.37895404
0.74 287.755016647037 46418.1000246628 -62.3943381658812 -62.3944828922921 0.000144726410979458 -15972.9505704656 -15972.9876204268 0.0370499612107411 1037552.2189224
0.75 280.803290487456 46418.1000246628 -62.3943381656195 -62.3944793956592 0.000141230039694914 -15972.9505703986 -15972.9867252888 0.0361548901618979 1037732.22808368
0.76 278.63471562105 46418.1000246628 -62.394338165706 -62.3944783050608 0.000140139354774761 -15972.9505704207 -15972.9864460956 0.0358756748223388 1037796.01479479
0.77 280.995991374691 46418.1000246628 -62.3943381660917 -62.3944794930503 0.000141326958623129 -15972.9505705195 -15972.9867502209 0.0361797014075211 1037735.8340367
0.78 286.715688187543 46418.1000246628 -62.3943381666633 -62.3944823703439 0.00014420368063917 -15972.9505706658 -15972.987486808 0.0369161422436275 1037606.42803388
0.79 294.01473525692 46418.1000246628 -62.3943381672518 -62.3944860419888 0.000147874737005901 -15972.9505708165 -15972.9884267491 0.0378559326735107 1037449.84135691
0.8 301.009993564788 46418.1000246628 -62.3943381677281 -62.3944895607309 0.000151393002788262 -15972.9505709384 -15972.9893275471 0.0387566087137951 1037292.9894923
0.81 306.161045393987 46418.1000246628 -62.3943381680307 -62.3944921517554 0.000153983724759666 -15972.9505710158 -15972.9899908494 0.0394198335384746 1037177.92811024
0.82 308.459360047494 46418.1000246628 -62.39433816815 -62.3944933078124 0.000155139662317174 -15972.9505710464 -15972.9902868 0.0397157535531965 1037107.93811984
0.83 307.437099448353 46418.1000246628 -62.3943381681469 -62.3944927936632 0.000154625516258755 -15972.9505710456 -15972.9901551778 0.0395841321622413 1037110.53788739
0.84 303.070173666976 46418.1000246628 -62.394338167988 -62.3944905971586 0.0001524291705522 -15972.9505710049 -15972.9895928726 0.0390218676613632 1037178.85722052
0.85 295.848756789077 46418.1000246628 -62.3943381676307 -62.394486964789 0.000148797158297113 -15972.9505709135 -15972.988662986 0.0380920725240609 1037301.88739212
0.86 286.943503925297 46418.1000246628 -62.3943381670082 -62.3944824852688 0.000144318260584548 -15972.9505707541 -15972.9875162288 0.0369454747096443 1037460.67740819
0.87 278.305534772303 46418.1000246628 -62.3943381662702 -62.3944781400635 0.000139973793237876 -15972.9505705652 -15972.9864038563 0.0358332910688963 1037621.23892835
0.88 272.297174686057 46418.1000246628 -62.3943381655944 -62.3944751174824 0.000136951888003045 -15972.9505703922 -15972.9856300755 0.0350596833287796 1037759.25525276
0.89 271.086063442775 46418.1000246628 -62.3943381651946 -62.3944745079541 0.000136342759496514 -15972.9505702898 -15972.9854740363 0.0349037464311076 1037811.06098397
0.9 275.889552084936 46418.1000246628 -62.3943381653541 -62.3944769240287 0.00013875867453237 -15972.9505703307 -15972.9860925513 0.0355222206802867 1037749.18157145
0.91 286.166005315262 46418.1000246628 -62.3943381661835 -62.3944820934011 0.000143927217590118 -15972.950570543 -15972.9874159107 0.0368453677030703 1037575.70934472
0.92 299.306497152809 46418.1000246628 -62.3943381674771 -62.3944887037063 0.000150536229117746 -15972.9505708741 -15972.9891081488 0.038537274654143 1037355.39582494
0.93 311.29695982228 46418.1000246628 -62.3943381686768 -62.3944947355102 0.000156566833373951 -15972.9505711813 -15972.9906522906 0.0400811093437313 1037166.03524986
0.94 318.399496011902 46418.1000246628 -62.3943381692058 -62.3944983082604 0.000160139054576393 -15972.9505713167 -15972.9915669147 0.0409955979715565 1037080.42716142
0.95 318.945087150063 46418.1000246628 -62.3943381688086 -62.3944985822682 0.000160413459687408 -15972.950571215 -15972.9916370607 0.0410658456799764 1037132.05288412
0.96 314.138570122869 46418.1000246628 -62.3943381676434 -62.3944961636649 0.000157996021525033 -15972.9505709167 -15972.9910178982 0.0404469815104084 1037290.4216242
0.97 307.518061588077 46418.1000246628 -62.394338166273 -62.3944928325092 0.000154666236174063 -15972.9505705659 -15972.9901651224 0.0395945564605602 1037471.66273489
0.98 303.33869981214 46418.1000246628 -62.3943381652727 -62.3944907294985 0.000152564225800573 -15972.9505703098 -15972.9896267516 0.0390564418049466 1037572.35059241
0.99 304.738148118592 46418.1000246628 -62.3943381650661 -62.3944914331445 0.000153268078449621 -15972.9505702569 -15972.989806885 0.039236628083103 1037528.89187196
1 312.388031312798 46418.1000246628 -62.3943381657746 -62.3944952813624 0.000157115587876251 -15972.9505704383 -15972.9907920288 0.0402215904963203 1037342.14929837
