# Fix print output for fix extra
0 600 0 -62.3943381900031 -62.394639960056 0.000301770052871704 -15972.9505766408 -15973.0278297743 0.0772531335351563 1031085.23531877
0.01 565.005487070894 0 -62.3943381862708 -62.3946223558303 0.000284169559510311 -15972.9505756853 -15973.0233230926 0.0727474072346396 1031812.12884492
0.02 471.418812550523 0 -62.3943381766891 -62.3945752768224 0.000237100133313479 -15972.9505732324 -15973.0112708665 0.0606976341282505 1033753.18050599
0.03 349.087291574701 0 -62.3943381645115 -62.3945137379956 0.000175573484058896 -15972.9505701149 -15972.9955169269 0.0449468119190774 1036291.05799456
0.04 235.748831632524 0 -62.3943381542656 -62.3944567241612 0.000118569895643649 -15972.950567492 -15972.9809213853 0.0303538932847741 1038684.53989827
0.05 163.000838915495 0 -62.3943381499223 -62.3944201312085 8.19812862961017e-05 -15972.9505663801 -15972.9715535894 0.020987209291802 1040290.34729167
0.06 144.313472338532 0 -62.3943381527454 -62.394410735219 7.25824736294968e-05 -15972.9505671028 -15972.9691482161 0.0185811132491512 1040792.87682031
0.07 171.330305784995 0 -62.3943381605291 -62.3944243311215 8.61705923921053e-05 -15972.9505690954 -15972.9726287671 0.022059671652379 1040308.04268127
0.08 220.364824506503 0 -62.3943381691807 -62.3944490016887 0.000110832507903985 -15972.9505713103 -15972.9789444323 0.0283731220234202 1039327.75049055
0.09 264.856886739998 0 -62.394338174871 -62.3944713846655 0.00013320979452494 -15972.950572767 -15972.9846744744 0.0341017073983847 1038389.58911947
0.1 287.08366765011 0 -62.3943381757488 -62.3944825645048 0.000144388755942294 -15972.9505729917 -15972.9875365132 0.0369635215212273 1037871.70328682
0.11 284.074563356921 0 -62.3943381722646 -62.3944810475913 0.000142875326672874 -15972.9505720997 -15972.9871481834 0.0365760836282558 1037847.88427677
0.12 266.39587257471 0 -62.3943381666218 -62.3944721504494 0.000133983827586124 -15972.9505706552 -15972.984870515 0.0342998598620476 1038146.77112461
0.13 251.289714952827 0 -62.3943381618698 -62.3944645480541 0.00012638618427905 -15972.9505694387 -15972.9829243019 0.0323548631754368 1038402.48185997
0.14 253.341773908352 0 -62.3943381604246 -62.3944655786921 0.000127418267511558 -15972.9505690687 -15972.9831881452 0.0326190764829588 1038298.24983587
0.15 277.031091512795 0 -62.3943381630037 -62.3944774958156 0.000139332811888203 -15972.9505697289 -15972.9862389288 0.0356691998433801 1037733.3676038
0.16 314.572541590105 0 -62.3943381682403 -62.3944963825278 0.000158214287512721 -15972.9505710695 -15972.9910739271 0.0405028576032565 1036907.75124429
0.17 350.104095350705 0 -62.3943381733516 -62.3945142582372 0.000176084885607637 -15972.950572378 -15972.9956501087 0.0450777307155551 1036166.21144967
0.18 367.985143555045 0 -62.3943381758646 -62.394523254025 0.000185078160377679 -15972.9505730213 -15972.9979530304 0.0473800090566858 1035824.94720258
0.19 360.483498186128 0 -62.3943381746468 -62.394519479854 0.000181305207178341 -15972.9505727096 -15972.9969868426 0.0464141330376553 1036031.82481031
0.2 331.219206282849 0 -62.3943381703982 -62.3945047571272 0.000166586728986832 -15972.9505716219 -15972.9932178246 0.0426462026206289 1036687.59371125
0.21 293.191237690082 0 -62.3943381651468 -62.3944856257056 0.000147460558832094 -15972.9505702776 -15972.9883201806 0.0377499030610161 1037510.22671028
0.22 262.614926948423 0 -62.3943381611681 -62.3944702433687 0.000132082200650207 -15972.950569259 -15972.9843823024 0.0338130433664531 1038175.08671052
0.23 251.714893291779 0 -62.3943381601723 -62.3944647602001 0.000126600027762092 -15972.9505690041 -15972.9829786112 0.0324096071070956 1038396.23034643
0.24 263.616190857835 0 -62.3943381623964 -62.3944707481828 0.000132585786421677 -15972.9505695735 -15972.9845115348 0.0339419613239493 1038137.15861504
0.25 291.55094048206 0 -62.3943381666497 -62.3944848022209 0.000146635571206777 -15972.9505706623 -15972.9881093685 0.037538706228935 1037518.24766086
0.26 322.470918995541 0 -62.3943381709244 -62.3945003577015 0.000162186777124786 -15972.9505717566 -15972.9920915716 0.0415198149439452 1036816.82231164
0.27 343.176374177855 0 -62.3943381734362 -62.3945107740239 0.000172600587633285 -15972.9505723997 -15972.9947581501 0.0441857504341209 1036331.53237189
0.28 345.900086152048 0 -62.3943381732889 -62.3945121437677 0.000173970478810717 -15972.950572362 -15972.9951088045 0.0445364425755436 1036213.99202762
0.29 331.089303078564 0 -62.3943381707984 -62.3945046921926 0.00016652139415879 -15972.9505717244 -15972.9932012013 0.0426294769046502 1036449.14422792
0.3 306.45367932273 0 -62.3943381672403 -62.3944922981453 0.000154130905019914 -15972.9505708135 -15972.9900283252 0.039457511685098 1036923.36099421
0.31 282.929731515755 0 -62.3943381643758 -62.3944804639092 0.000142299533397477 -15972.9505700802 -15972.9869987608 0.0364286805497542 1037425.22032012
0.32 269.452585105294 0 -62.3943381633794 -62.3944736845808 0.000135521201422737 -15972.9505698251 -15972.9852632527 0.0346934275642206 1037737.38091648
0.33 269.140052327728 0 -62.3943381645378 -62.3944735285509 0.00013536401303472 -15972.9505701217 -15972.985223309 0.0346531873368882 1037791.65363265
0.34 278.519493048404 0 -62.3943381669717 -62.3944782483753 0.000140081403571695 -15972.9505707448 -15972.9864315841 0.035860839314354 1037651.20791955
0.35 290.167475799234 0 -62.3943381692073 -62.3944841089648 0.00014593975752264 -15972.9505713171 -15972.987931895 0.0373605779257957 1037459.1816652
0.36 297.145467659801 0 -62.3943381700506 -62.3944876193897 0.000149449339143809 -15972.950571533 -15972.9888305638 0.0382590308208152 1037360.67678333
0.37 296.67255267983 0 -62.3943381692138 -62.3944873807004 0.00014921148651296 -15972.9505713187 -15972.9887694593 0.0381981405473176 1037411.42129818
0.38 291.088335136582 0 -62.3943381673103 -62.3944845702141 0.000146402903807505 -15972.9505708314 -15972.9880499748 0.0374791433747212 1037553.92869264
0.39 286.018685526964 0 -62.3943381654793 -62.3944820186024 0.000143853123089612 -15972.9505703627 -15972.9873967622 0.0368263995109407 1037646.67979967
0.4 286.939924715701 0 -62.3943381647619 -62.3944824812223 0.000144316460420767 -15972.9505701791 -15972.9875151929 0.0369450138677163 1037590.46044691
0.41 295.908244488653 0 -62.3943381656482 -62.3944869927258 0.000148827077640857 -15972.9505704059 -15972.9886701378 0.0380997318760593 1037383.73031988
0.42 310.172423739582 0 -62.3943381677046 -62.3944941689524 0.000156001247852064 -15972.9505709324 -15972.9905072518 0.0399363194501284 1037087.41714906
0.43 323.413939545881 0 -62.3943381699276 -62.394500830997 0.000162661069393678 -15972.9505715015 -15972.9922127352 0.0416412337647815 1036849.67104236
0.44 328.837503952781 0 -62.3943381711022 -62.3945035599538 0.00016538885159005 -15972.9505718022 -15972.9929113482 0.0423395460070528 1036791.6089063
0.45 322.838159796918 0 -62.3943381705354 -62.3945005420163 0.000162371480918199 -15972.9505716571 -15972.9921387562 0.041567099115059 1036967.24566757
0.46 307.167692903961 0 -62.3943381683014 -62.3944926583196 0.000154490018213513 -15972.9505710851 -15972.9901205298 0.0395494446626592 1037320.34795747
0.47 288.660785295618 0 -62.3943381653325 -62.3944833472999 0.000145181967401077 -15972.9505703251 -15972.9877369088 0.0371665836546758 1037723.78145693
0.48 276.46546035504 0 -62.3943381628955 -62.3944772112231 0.000139048327647567 -15972.9505697012 -15972.9861660731 0.0355963718777772 1037968.58194131
0.49 277.984320715507 0 -62.3943381622261 -62.3944779744647 0.000139812238599706 -15972.9505695299 -15972.986361463 0.0357919330815246 1037913.88549156
0.5 295.24111534329 0 -62.3943381637483 -62.3944866552933 0.000148491544978409 -15972.9505699196 -15972.9885837551 0.0380138355144727 1037524.9364422
0.51 323.520048113583 0 -62.3943381669465 -62.3945008813832 0.000162714436707153 -15972.9505707383 -15972.9922256341 0.0416548957970313 1036914.78948005
0.52 352.970330746707 0 -62.3943381705835 -62.3945156970425 0.000177526458952628 -15972.9505716694 -15972.9960184429 0.0454467734918727 1036298.89402306
0.53 372.433730143919 0 -62.394338173228 -62.3945254888054 0.000187315577394561 -15972.9505723464 -15972.9985251342 0.0479527878130076 1035916.37560202
0.54 373.751910009901 0 -62.3943381739783 -62.3945261525344 0.000187978556074314 -15972.9505725385 -15972.9986950488 0.0481225103550243 1035930.14512457
0.55 354.739697528692 0 -62.3943381724764 -62.3945165888385 0.000178416362131543 -15972.950572154 -15972.9962467427 0.045674588705675 1036374.55199901
0.56 320.137501353964 0 -62.3943381692861 -62.3944991824707 0.000161013184516335 -15972.9505713373 -15972.9917907125 0.0412193752361817 1037143.50050642
0.57 279.926269107421 0 -62.394338165525 -62.3944789544667 0.000140788941714542 -15972.9505703744 -15972.9866123435 0.0360419690789228 1038010.85641417
0.58 245.686791031491 0 -62.3943381627161 -62.3944617309093 0.000123568193199087 -15972.9505696553 -15972.9822031128 0.0316334574589663 1038726.76011221
0.59 226.171676612809 0 -62.3943381617974 -62.3944519148621 0.000113753064682549 -15972.9505694201 -15972.9796902047 0.0291207845587325 1039097.39432389
0.6 224.317662044453 0 -62.3943381628621 -62.39445098345 0.000112820587892019 -15972.9505696927 -15972.9794517632 0.028882070500357 1039068.58466901
0.61 237.006534610863 0 -62.3943381650571 -62.3944573675146 0.000119202457467432 -15972.9505702546 -15972.9810860837 0.0305158291116627 1038736.91379468
0.62 257.559927334311 0 -62.3943381671942 -62.3944677069823 0.000129539788148845 -15972.9505708017 -15972.9837329875 0.0331621857661044 1038244.56551399
0.63 279.292338016073 0 -62.3943381684433 -62.3944786385493 0.000140470106016287 -15972.9505711215 -15972.9865314686 0.0359603471401694 1037728.6818513
0.64 298.092018095316 0 -62.3943381686964 -62.3944880941032 0.000149925406768761 -15972.9505711863 -15972.9889520904 0.0383809041328028 1037290.18739639
0.65 312.913481049707 0 -62.3943381683039 -62.3944955481668 0.000157379862867732 -15972.9505710858 -15972.9908603307 0.0402892448941393 1036943.55770788
0.66 324.667295062282 0 -62.3943381679343 -62.3945014593789 0.000163291444661097 -15972.9505709912 -15972.992373601 0.0418026098332407 1036697.50798299
0.67 334.343959151295 0 -62.3943381680201 -62.3945063263439 0.000168158323717369 -15972.9505710132 -15972.993619544 0.0430485308716463 1036523.6786552
0.68 341.630098528 0 -62.3943381686346 -62.3945099915227 0.000171822888158933 -15972.9505711704 -15972.9945578298 0.0439866593686869 1036380.50542778
0.69 344.723258959832 0 -62.394338169399 -62.3945115479925 0.000173378593470691 -15972.9505713662 -15972.9949562861 0.0443849199284969 1036296.52737504
0.7 341.421221457208 0 -62.3943381697852 -62.3945098876187 0.000171717833417772 -15972.950571465 -15972.9945312304 0.0439597653549497 1036337.3006994
0.71 330.739070788186 0 -62.3943381694138 -62.3945045146586 0.000166345244797482 -15972.9505713699 -15972.9931557526 0.0425843826681554 1036542.075793
0.72 313.993088914411 0 -62.3943381683341 -62.3944960911859 0.000157922851738419 -15972.9505710935 -15972.9909993436 0.0404282500450353 1036889.62605961
0.73 294.781773354712 0 -62.3943381667829 -62.3944864273018 0.000148260518884777 -15972.9505706964 -15972.9885253893 0.0379546928345029 1037314.6921332
0.74 278.076641913102 0 -62.39433816535 -62.3944780240216 0.000139858671554171 -15972.9505703296 -15972.9863741495 0.0358038199178678 1037705.9292446
0.75 268.444232915974 0 -62.3943381646572 -62.3944731787078 0.000135014050600263 -15972.9505701522 -15972.9851337492 0.0345635969536672 1037948.05190383
0.76 268.077271068939 0 -62.3943381650673 -62.3944729945544 0.00013482948710696 -15972.9505702572 -15972.9850866059 0.0345163486993817 1037971.51109896
0.77 275.71983792629 0 -62.3943381663765 -62.3944768396933 0.000138673316781324 -15972.9505705924 -15972.9860709615 0.0355003690960189 1037825.7496514
0.78 287.351349082146 0 -62.3943381678175 -62.3944826912038 0.000144523386342125 -15972.9505709613 -15972.9875689482 0.0369979869035839 1037574.83329222
0.79 298.439418986126 0 -62.3943381686934 -62.3944882688255 0.000150100132077406 -15972.9505711855 -15972.9889968193 0.038425633811816 1037312.53341291
0.8 306.01064875549 0 -62.3943381688481 -62.3944920769309 0.000153908082757081 -15972.9505712251 -15972.9899716943 0.0394004691858128 1037097.56475817
0.81 309.310797752707 0 -62.3943381685077 -62.3944937364007 0.000155567892986039 -15972.950571138 -15972.9903965186 0.039825380604426 1036956.00190301
0.82 309.1577086733 0 -62.3943381680582 -62.394493658955 0.000155490896820061 -15972.9505710229 -15972.9903766925 0.0398056695859356 1036890.83220381
0.83 306.796332440858 0 -62.3943381677881 -62.3944924710305 0.000154303242435871 -15972.9505709537 -15972.9900725838 0.039501630063583 1036888.8981765
0.84 303.075132039249 0 -62.3943381677415 -62.3944905994058 0.000152431664365972 -15972.9505709418 -15972.9895934479 0.0390225060776887 1036946.49285044
0.85 298.238186720299 0 -62.3943381677536 -62.3944881666759 0.000149998922291576 -15972.9505709449 -15972.988970669 0.0383997241066436 1037050.13568545
0.86 292.296523238884 0 -62.3943381677159 -62.3944851782781 0.000147010562120022 -15972.9505709353 -15972.9882056392 0.0376347039027256 1037226.33594907
0.87 285.504440665254 0 -62.3943381674307 -62.3944817619142 0.0001435944835911 -15972.9505708622 -15972.98733105 0.0367601877993216 1037458.35775642
0.88 278.828663558839 0 -62.3943381669145 -62.3944784038154 0.000140236900907163 -15972.9505707301 -15972.9864713768 0.0359006466322336 1037698.52877061
0.89 273.948124893343 0 -62.3943381663023 -62.3944759485358 0.00013778223355528 -15972.9505705734 -15972.9858428252 0.0352722517901518 1037871.77457841
0.9 272.833541872935 0 -62.3943381658152 -62.3944753874691 0.00013722165392695 -15972.9505704487 -15972.9856991921 0.0351287434052992 1037929.62365872
0.91 276.988504130223 0 -62.3943381657443 -62.3944774771368 0.000139311392560386 -15972.9505704305 -15972.986234147 0.0356637164954588 1037879.2636784
0.92 286.578821767603 0 -62.3943381662454 -62.3944823010891 0.0001441348436612 -15972.9505705588 -15972.9874690788 0.0368985199772673 1037701.67809744
0.93 299.974823489149 0 -62.3943381672802 -62.3944890396441 0.000150872363907501 -15972.9505708237 -15972.9891941489 0.0386233251603203 1037440.81512376
0.94 313.974089169407 0 -62.394338168473 -62.3944960817688 0.000157913295814995 -15972.9505711291 -15972.9909969328 0.0404258037286388 1037169.466811
0.95 324.841842542961 0 -62.3943381694225 -62.3945015486559 0.000163379233331885 -15972.9505713722 -15972.9923964559 0.0418250837329626 1036968.37505841
0.96 329.677852779146 0 -62.3943381696846 -62.3945039811897 0.000165811505106321 -15972.9505714393 -15972.9930191846 0.0424477453072182 1036896.33808714
0.97 327.675866603545 0 -62.3943381691471 -62.3945029737531 0.000164804605982889 -15972.9505713017 -15972.9927612808 0.0421899791316195 1036962.01715062
0.98 320.492040804921 0 -62.394338168031 -62.3944993595312 0.000161191500164436 -15972.9505710159 -15972.99183604 0.0412650240420956 1037136.87890973
0.99 311.554646528143 0 -62.39433816684 -62.3944948632769 0.000156696436925371 -15972.950570711 -15972.9906849989 0.040114287852895 1037336.07703529
1 304.525403604318 0 -62.3943381661149 -62.3944913271935 0.00015316107857742 -15972.9505705254 -15972.9897797615 0.0392092361158196 1037482.49496551
