# Fix print output for fix extra
0 600 0 -62.3396794414691 -62.339981211522 0.000301770052871704 -15958.9579370161 -15959.0351901496 0.0772531335351563 28987.7095248773
0.01 583.347341193266 0 -62.339679440635 -62.3399728352316 0.000293394596657433 -15958.9579368025 -15959.0330458193 0.0751090167443029 30326.4169810751
0.02 535.923890796167 0 -62.3396794385661 -62.3399489815342 0.000269542968101281 -15958.9579362729 -15959.0269392727 0.0690029998339279 34110.7623032602
0.03 464.758115134869 0 -62.3396794352525 -62.3399131853874 0.000233750134961338 -15958.9579354246 -15959.0177754592 0.0598400345501026 39702.9480460111
0.04 380.936262294433 0 -62.3396794309622 -62.3398710228889 0.000191591926688901 -15958.9579343263 -15959.0069818595 0.0490475332323586 46178.912901552
0.05 298.419586050677 0 -62.3396794265512 -62.3398295167083 0.000150090157100775 -15958.9579331971 -15958.9963562773 0.0384230802177983 52508.8333470576
0.06 231.230487173639 0 -62.339679423323 -62.3397957207169 0.000116297393899898 -15958.9579323707 -15958.9877045035 0.029772132838374 57765.4219179138
0.07 189.517270418948 0 -62.3396794223673 -62.3397747400952 9.53177278573782e-05 -15958.957932126 -15958.9823334644 0.0244013383314888 61333.7897592776
0.08 176.355359410387 0 -62.3396794238983 -62.3397681218419 8.86979435558017e-05 -15958.957932518 -15958.9806391915 0.0227066735502852 63036.6690638897
0.09 187.160466829456 0 -62.3396794271074 -62.3397735594807 9.41323732843629e-05 -15958.9579333395 -15958.9820312271 0.0240978875607969 63133.2111378944
0.1 212.092288169334 0 -62.3396794306785 -62.3397861025136 0.000106671835024234 -15958.9579342537 -15958.9852422435 0.027307989766204 62187.6519889283
0.11 240.026125241873 0 -62.3396794334572 -62.3398001546181 0.000120721160841384 -15958.9579349651 -15958.9888395822 0.0309046171753943 60863.0420579874
0.12 262.127164197285 0 -62.3396794348477 -62.339811271728 0.000131836880331541 -15958.957935321 -15958.9916855624 0.0337502413648745 59717.7439191666
0.13 273.815449548514 0 -62.3396794348224 -62.3398171503268 0.000137715504478908 -15958.9579353145 -15958.9931904837 0.0352551691466004 59080.9231731388
0.14 274.972469528729 0 -62.3396794337527 -62.3398177311805 0.000138297427779913 -15958.9579350407 -15958.9933391822 0.0354041415116576 59015.1809331392
0.15 268.871032763036 0 -62.3396794321848 -62.3398146608944 0.000135228709620952 -15958.9579346393 -15958.992553189 0.0346185496629636 59357.5792522092
0.16 260.485108065981 0 -62.3396794306586 -62.3398104416667 0.000131011008055605 -15958.9579342486 -15958.9914730667 0.0335388180622348 59823.2334624849
0.17 254.753821259359 0 -62.3396794295899 -62.3398075580468 0.000128128456851176 -15958.957933975 -15958.99073486 0.0328008849539011 60109.3262921655
0.18 255.22353091944 0 -62.3396794291988 -62.3398077938962 0.000128364697366104 -15958.9579338749 -15958.9907952374 0.0328613625257226 59988.6558271653
0.19 263.287471368446 0 -62.3396794295129 -62.3398118499699 0.000132420456925522 -15958.9579339553 -15958.9918335923 0.0338996369729337 59362.8889898256
0.2 278.053948807391 0 -62.3396794303949 -62.339819277653 0.000139847258054654 -15958.9579341811 -15958.9937350792 0.0358008980619915 58278.6386854619
0.21 296.766404141318 0 -62.3396794315869 -62.339828690276 0.000149258689113785 -15958.9579344862 -15958.9961447106 0.038210224413129 56903.7207912492
0.22 315.622793368141 0 -62.3396794327743 -62.339838175286 0.000158742511737031 -15958.9579347902 -15958.9985728732 0.04063808300468 55478.6402545493
0.23 330.799025860019 0 -62.3396794336466 -62.3398458090458 0.000166375399206144 -15958.9579350135 -15959.0005271157 0.0425921021967728 54255.1233143453
0.24 339.439595708513 0 -62.3396794339915 -62.3398501551661 0.000170721174572847 -15958.9579351018 -15959.0016397225 0.0437046206906487 53435.0404217702
0.25 340.348797547385 0 -62.3396794337542 -62.3398506122119 0.000171178457717826 -15958.9579350411 -15959.0017567262 0.0438216851757634 53123.5516579172
0.26 334.184153786411 0 -62.3396794330402 -62.3398475109898 0.000168077949595018 -15958.9579348583 -15959.0009628134 0.0430279550963246 53308.5468954672
0.27 323.138099707474 0 -62.3396794320639 -62.3398419543997 0.000162522335722644 -15958.9579346084 -15958.9995403263 0.0416057179449969 53873.0954650696
0.28 310.274945685449 0 -62.3396794310661 -62.3398354838774 0.000156052811273772 -15958.9579343529 -15958.9978838726 0.0399495196860856 54628.3594289091
0.29 298.75406635566 0 -62.339679430275 -62.339829688659 0.00015025838399964 -15958.9579341504 -15958.9964002967 0.0384661463039078 55368.5128182839
0.3 291.095618200318 0 -62.339679429857 -62.3398258364239 0.000146406566825052 -15958.9579340434 -15958.9954141245 0.0374800811072134 55913.8307995081
0.31 288.651783672634 0 -62.3396794298586 -62.3398246072986 0.000145177440034004 -15958.9579340438 -15958.9950994685 0.037165424648705 56149.7699489902
0.32 291.445164533478 0 -62.3396794301958 -62.339826012567 0.000146582371184117 -15958.9579341301 -15958.9954592171 0.0375250870231339 56045.1963469006
0.33 298.405546287284 0 -62.3396794307229 -62.3398295138187 0.000150083095800539 -15958.9579342651 -15958.9963555376 0.038421272524938 55649.5291410096
0.34 307.805820134575 0 -62.3396794313218 -62.3398342422862 0.000154810964360382 -15958.9579344184 -15958.9975660253 0.0396316068762577 55066.2269029776
0.35 317.657957235179 0 -62.3396794319112 -62.3398391980088 0.000159766097583296 -15958.9579345693 -15958.9988346902 0.0409001209813238 54425.4302229785
0.36 326.019674252148 0 -62.3396794324054 -62.3398434040293 0.000163971623893811 -15958.9579346958 -15958.9999114315 0.0419767357168155 53859.4606194388
0.37 331.290909414043 0 -62.33967943271 -62.3398460555021 0.000166622792082985 -15958.9579347738 -15959.0005902085 0.0426554347732441 53478.0706960677
0.38 332.519005569981 0 -62.3396794327591 -62.3398466732222 0.000167240463152833 -15958.9579347863 -15959.0007483449 0.0428135585671252 53352.8503716038
0.39 329.593994411337 0 -62.3396794325668 -62.3398452018954 0.000165769328532842 -15958.9579347371 -15959.0003716852 0.0424369481044076 53508.1088830679
0.4 323.209768216191 0 -62.3396794322036 -62.339841990585 0.000162558381405419 -15958.9579346441 -15958.9995495898 0.0416149456397871 53911.5168477318
0.41 314.652697149162 0 -62.3396794317336 -62.3398376863353 0.000158254601758212 -15958.9579345238 -15958.9984477018 0.0405131780501021 54485.5980212875
0.42 305.55760414193 0 -62.3396794312301 -62.339833111454 0.000153680223928769 -15958.9579343949 -15958.9972765322 0.0393421373257648 55122.1077450462
0.43 297.623593840166 0 -62.339679430812 -62.3398291206248 0.000149689812748356 -15958.9579342879 -15958.9962548799 0.038320592063579 55709.1574290885
0.44 292.199905281081 0 -62.3396794306437 -62.3398263926118 0.000146961968109631 -15958.9579342448 -15958.9955565086 0.0376222638360656 56151.5549732822
0.45 289.801542573895 0 -62.3396794308011 -62.3398251865125 0.00014575571137471 -15958.9579342851 -15958.9952477472 0.0373134621119256 56399.2773221355
0.46 289.905577051477 0 -62.3396794311839 -62.3398252392194 0.000145808035524377 -15958.9579343831 -15958.9952612402 0.0373268570942405 56462.2055207146
0.47 291.269801817635 0 -62.339679431576 -62.3398259257485 0.000146494172490731 -15958.9579344835 -15958.9954369916 0.0375025081576272 56394.7191864605
0.48 292.585538996384 0 -62.3396794317943 -62.3398265877169 0.000147155922620725 -15958.9579345393 -15958.9956064555 0.0376719161909055 56272.9885166235
0.49 293.063528757466 0 -62.339679431754 -62.3398268280816 0.000147396327613181 -15958.957934529 -15958.9956679889 0.0377334598689744 56157.8131524887
0.5 292.713173161894 0 -62.3396794314844 -62.3398266516007 0.000147220116235515 -15958.95793446 -15958.9956228098 0.0376883497562918 56070.8580616055
0.51 292.267251720508 0 -62.339679431101 -62.339826426941 0.000146995840007276 -15958.9579343619 -15958.9955652969 0.0376309350418626 55992.0673007422
0.52 292.829292156936 0 -62.3396794307576 -62.3398267092759 0.000147278518294304 -15958.9579342739 -15958.9956375746 0.0377033006833418 55866.7956923468
0.53 295.392700198109 0 -62.3396794305788 -62.3398279983634 0.000148567784594498 -15958.9579342282 -15958.995967581 0.0380333528561915 55637.5235629714
0.54 300.440383222416 0 -62.3396794306219 -62.3398305371392 0.000151106517216372 -15958.9579342392 -15958.9966175076 0.0386832684073914 55272.5334363567
0.55 307.748027707087 0 -62.3396794308797 -62.3398342127773 0.000154781897653884 -15958.9579343052 -15958.997558471 0.0396241657993943 54783.0628115241
0.56 316.400750052094 0 -62.3396794312971 -62.3398385650822 0.000159133785119779 -15958.9579344121 -15958.9986726611 0.0407382489906634 54230.3619278556
0.57 324.973533126258 0 -62.3396794317936 -62.3398428772608 0.000163445467122359 -15958.9579345392 -15958.9997765788 0.0418420395833239 53707.3015286714
0.58 331.812394016301 0 -62.3396794322642 -62.339846317337 0.000166885072809643 -15958.9579346596 -15959.0006572383 0.0427225786392686 53318.1646661125
0.59 335.393772649778 0 -62.3396794325836 -62.3398481189111 0.00016868632750894 -15958.9579347414 -15959.0011184413 0.0431836998422886 53155.5416052846
0.6 334.731465178767 0 -62.3396794326279 -62.3398477858478 0.000168353219908033 -15958.9579347528 -15959.001033177 0.0430984242964564 53272.9416998347
0.61 329.733693516875 0 -62.3396794323615 -62.3398452719517 0.000165839590210283 -15958.9579346845 -15959.0003896196 0.0424549350938324 53665.4218214357
0.62 321.303776210134 0 -62.339679431855 -62.3398410316175 0.000161599762558017 -15958.9579345549 -15958.9993040941 0.0413695392148524 54271.8888829472
0.63 311.109604626253 0 -62.3396794312611 -62.3398359038642 0.000156472603061599 -15958.9579344028 -15958.9979913892 0.0400569863837693 54988.5585462654
0.64 301.116709568909 0 -62.3396794307313 -62.339830877407 0.000151446675611939 -15958.9579342672 -15958.9967046162 0.0387703489566564 55690.9222054039
0.65 293.102618192953 0 -62.3396794303675 -62.3398268463552 0.000147415987648204 -15958.9579341741 -15958.9956726669 0.0377384928379402 56260.0460569631
0.66 288.311637766709 0 -62.3396794302237 -62.3398244365873 0.000145006363620646 -15958.9579341373 -15958.9950557664 0.0371216290868853 56610.3775880981
0.67 287.257581651525 0 -62.3396794303267 -62.3398239065527 0.000144476226004631 -15958.9579341636 -15958.9949200775 0.0369859138571855 56703.3128530814
0.68 289.641226829075 0 -62.339679430663 -62.3398251057435 0.000145675080556725 -15958.9579342497 -15958.9952270703 0.0372928206225216 56556.1965184123
0.69 294.410693046431 0 -62.3396794311553 -62.3398275050393 0.000148073884011028 -15958.9579343758 -15958.9958412901 0.0379069143068231 56234.5522315225
0.7 300.032007386367 0 -62.3396794316461 -62.3398303327707 0.000150901124553646 -15958.9579345014 -15958.9965651893 0.0386306878857333 55832.7778633126
0.71 304.975155420743 0 -62.3396794319644 -62.3398328192457 0.000153387281293123 -15958.9579345829 -15958.9972017269 0.0392671440110394 55443.5757335631
0.72 308.240279835752 0 -62.3396794320082 -62.3398344614841 0.000155029475905373 -15958.9579345941 -15958.9976221399 0.0396875458317755 55133.671259321
0.73 309.653174957176 0 -62.3396794318193 -62.3398351719109 0.000155740091631197 -15958.9579345457 -15958.9978040092 0.0398694634575864 54920.3688170589
0.74 309.762641682642 0 -62.3396794315346 -62.3398352266826 0.000155795147930416 -15958.9579344729 -15958.9978180307 0.0398835578701866 54781.9815908025
0.75 309.445742262254 0 -62.3396794312851 -62.3398350670484 0.000155635763339007 -15958.957934409 -15958.9977771644 0.0398427554147857 54673.5957294584
0.76 309.520639970627 0 -62.3396794311143 -62.3398351045474 0.000155673433148033 -15958.9579343653 -15958.9977867641 0.0398523988858964 54548.0025780689
0.77 310.578212365858 0 -62.3396794310102 -62.3398356363495 0.000156205339277407 -15958.9579343386 -15958.9979229055 0.0399885668550162 54367.6985336244
0.78 312.959496018241 0 -62.339679430987 -62.3398368339931 0.000157403006100211 -15958.9579343327 -15958.9982295022 0.0402951695616539 54114.7934690056
0.79 316.693569254135 0 -62.3396794311004 -62.339838712159 0.000159281058563248 -15958.9579343617 -15958.9987103127 0.0407759509921916 53797.0655425206
0.8 321.342187222986 0 -62.3396794314037 -62.3398410504851 0.000161619081380316 -15958.9579344394 -15958.9993089242 0.0413744848333609 53453.842733299
0.81 325.880402330265 0 -62.3396794318667 -62.3398433334438 0.000163901577068427 -15958.9579345579 -15958.9998933616 0.0419588037295173 53155.3018925655
0.82 328.830953520884 0 -62.3396794323419 -62.339844817899 0.00016538555704975 -15958.9579346795 -15959.0002733821 0.0423387026047361 52990.2587622285
0.83 328.731173795542 0 -62.339679432623 -62.3398447679959 0.000165335372828097 -15958.9579347515 -15959.0002606069 0.0423258554439928 53040.5375574308
0.84 324.74021539438 0 -62.3396794325738 -62.3398427606937 0.000163328119948551 -15958.9579347389 -15958.9997467376 0.0418119987068291 53346.2608971448
0.85 317.045638174354 0 -62.3396794321979 -62.3398388903296 0.000159458131657697 -15958.9579346427 -15958.9987559244 0.0408212817043703 53889.4893991026
0.86 306.85593408998 0 -62.339679431617 -62.3398337648361 0.000154333219090549 -15958.957934494 -15958.997443798 0.0395093040871805 54594.1655573843
0.87 296.038846044016 0 -62.339679431 -62.3398283237637 0.000148892763704635 -15958.957934336 -15958.9960508835 0.0381165475083866 55340.4737075105
0.88 286.60872839743 0 -62.3396794304883 -62.3398235803735 0.000144149885203307 -15958.957934205 -15958.9948365756 0.0369023706120467 55992.2675410455
0.89 280.27935098134 0 -62.3396794301579 -62.3398203966822 0.000140966524274143 -15958.9579341204 -15958.9940215506 0.0360874302141806 56429.2959409275
0.9 278.201218153743 0 -62.3396794300272 -62.3398193513544 0.000139921327185379 -15958.957934087 -15958.9937539467 0.0358198597594571 56562.6452509
0.91 280.873086124841 0 -62.3396794300877 -62.3398206952311 0.000141265143416887 -15958.9579341024 -15958.9940979792 0.036163876714723 56350.0965571426
0.92 288.140157849087 0 -62.3396794303417 -62.3398243504595 0.000144920117780967 -15958.9579341675 -15958.9950337176 0.0370995501519276 55800.629498649
0.93 299.189405627314 0 -62.3396794307842 -62.3398299081221 0.000150477337924681 -15958.9579342808 -15958.9964564793 0.0385221985087183 54971.5150697837
0.94 312.586886876258 0 -62.3396794313583 -62.3398366469606 0.000157215602299416 -15958.9579344277 -15958.9981816219 0.0402471941886506 53962.7957328521
0.95 326.468874949307 0 -62.3396794319466 -62.339843629496 0.00016419754942403 -15958.9579345783 -15958.999969151 0.0420345726525518 52904.3825839101
0.96 338.920452114429 0 -62.3396794324063 -62.3398498924776 0.000170460071256455 -15958.957934696 -15959.0015724743 0.0436377782416525 51929.6215065419
0.97 348.422752443473 0 -62.3396794326452 -62.3398546718992 0.000175239254044286 -15958.9579347572 -15959.0027960062 0.0448612490353371 51154.9752261621
0.98 354.146023087702 0 -62.339679432668 -62.3398575504416 0.000178117773519133 -15958.957934763 -15959.003532913 0.045598150020898 50660.4669727417
0.99 355.95497946422 0 -62.3396794325675 -62.3398584601558 0.000179027588288107 -15958.9579347373 -15959.0037657999 0.0458310626017554 50482.0130101327
1 354.154135867409 0 -62.3396794324611 -62.339857554315 0.000178121853842401 -15958.95793471 -15959.0035339046 0.0455991945836547 50618.655902215
