# UNITS: metal COMMENT: initial electron temperature 
1 1 1 13925.4300
2 1 1 18161.0816
3 1 1 22396.7333
4 1 1 26632.3849
5 1 1 30868.0365
6 1 1 35103.6881
7 1 1 39339.3398
8 1 1 43574.9914
9 1 1 47810.6430
10 1 1 52046.2947
11 1 1 56281.9463
12 1 1 60517.5979
13 1 1 64753.2495
14 1 1 68988.9012
15 1 1 73224.5528
16 1 1 77460.2044
17 1 1 81695.8560
18 1 1 85931.5077
19 1 1 90167.1593
20 1 1 94402.8109
21 1 1 98638.4626
1 2 1 13925.4300
2 2 1 18161.0816
3 2 1 22396.7333
4 2 1 26632.3849
5 2 1 30868.0365
6 2 1 35103.6881
7 2 1 39339.3398
8 2 1 43574.9914
9 2 1 47810.6430
10 2 1 52046.2947
11 2 1 56281.9463
12 2 1 60517.5979
13 2 1 64753.2495
14 2 1 68988.9012
15 2 1 73224.5528
16 2 1 77460.2044
17 2 1 81695.8560
18 2 1 85931.5077
19 2 1 90167.1593
20 2 1 94402.8109
21 2 1 98638.4626
1 3 1 13925.4300
2 3 1 18161.0816
3 3 1 22396.7333
4 3 1 26632.3849
5 3 1 30868.0365
6 3 1 35103.6881
7 3 1 39339.3398
8 3 1 43574.9914
9 3 1 47810.6430
10 3 1 52046.2947
11 3 1 56281.9463
12 3 1 60517.5979
13 3 1 64753.2495
14 3 1 68988.9012
15 3 1 73224.5528
16 3 1 77460.2044
17 3 1 81695.8560
18 3 1 85931.5077
19 3 1 90167.1593
20 3 1 94402.8109
21 3 1 98638.4626
1 4 1 13925.4300
2 4 1 18161.0816
3 4 1 22396.7333
4 4 1 26632.3849
5 4 1 30868.0365
6 4 1 35103.6881
7 4 1 39339.3398
8 4 1 43574.9914
9 4 1 47810.6430
10 4 1 52046.2947
11 4 1 56281.9463
12 4 1 60517.5979
13 4 1 64753.2495
14 4 1 68988.9012
15 4 1 73224.5528
16 4 1 77460.2044
17 4 1 81695.8560
18 4 1 85931.5077
19 4 1 90167.1593
20 4 1 94402.8109
21 4 1 98638.4626
1 5 1 13925.4300
2 5 1 18161.0816
3 5 1 22396.7333
4 5 1 26632.3849
5 5 1 30868.0365
6 5 1 35103.6881
7 5 1 39339.3398
8 5 1 43574.9914
9 5 1 47810.6430
10 5 1 52046.2947
11 5 1 56281.9463
12 5 1 60517.5979
13 5 1 64753.2495
14 5 1 68988.9012
15 5 1 73224.5528
16 5 1 77460.2044
17 5 1 81695.8560
18 5 1 85931.5077
19 5 1 90167.1593
20 5 1 94402.8109
21 5 1 98638.4626
1 6 1 13925.4300
2 6 1 18161.0816
3 6 1 22396.7333
4 6 1 26632.3849
5 6 1 30868.0365
6 6 1 35103.6881
7 6 1 39339.3398
8 6 1 43574.9914
9 6 1 47810.6430
10 6 1 52046.2947
11 6 1 56281.9463
12 6 1 60517.5979
13 6 1 64753.2495
14 6 1 68988.9012
15 6 1 73224.5528
16 6 1 77460.2044
17 6 1 81695.8560
18 6 1 85931.5077
19 6 1 90167.1593
20 6 1 94402.8109
21 6 1 98638.4626
1 7 1 13925.4300
2 7 1 18161.0816
3 7 1 22396.7333
4 7 1 26632.3849
5 7 1 30868.0365
6 7 1 35103.6881
7 7 1 39339.3398
8 7 1 43574.9914
9 7 1 47810.6430
10 7 1 52046.2947
11 7 1 56281.9463
12 7 1 60517.5979
13 7 1 64753.2495
14 7 1 68988.9012
15 7 1 73224.5528
16 7 1 77460.2044
17 7 1 81695.8560
18 7 1 85931.5077
19 7 1 90167.1593
20 7 1 94402.8109
21 7 1 98638.4626
1 8 1 13925.4300
2 8 1 18161.0816
3 8 1 22396.7333
4 8 1 26632.3849
5 8 1 30868.0365
6 8 1 35103.6881
7 8 1 39339.3398
8 8 1 43574.9914
9 8 1 47810.6430
10 8 1 52046.2947
11 8 1 56281.9463
12 8 1 60517.5979
13 8 1 64753.2495
14 8 1 68988.9012
15 8 1 73224.5528
16 8 1 77460.2044
17 8 1 81695.8560
18 8 1 85931.5077
19 8 1 90167.1593
20 8 1 94402.8109
21 8 1 98638.4626
1 9 1 13925.4300
2 9 1 18161.0816
3 9 1 22396.7333
4 9 1 26632.3849
5 9 1 30868.0365
6 9 1 35103.6881
7 9 1 39339.3398
8 9 1 43574.9914
9 9 1 47810.6430
10 9 1 52046.2947
11 9 1 56281.9463
12 9 1 60517.5979
13 9 1 64753.2495
14 9 1 68988.9012
15 9 1 73224.5528
16 9 1 77460.2044
17 9 1 81695.8560
18 9 1 85931.5077
19 9 1 90167.1593
20 9 1 94402.8109
21 9 1 98638.4626
1 10 1 13925.4300
2 10 1 18161.0816
3 10 1 22396.7333
4 10 1 26632.3849
5 10 1 30868.0365
6 10 1 35103.6881
7 10 1 39339.3398
8 10 1 43574.9914
9 10 1 47810.6430
10 10 1 52046.2947
11 10 1 56281.9463
12 10 1 60517.5979
13 10 1 64753.2495
14 10 1 68988.9012
15 10 1 73224.5528
16 10 1 77460.2044
17 10 1 81695.8560
18 10 1 85931.5077
19 10 1 90167.1593
20 10 1 94402.8109
21 10 1 98638.4626
1 11 1 13925.4300
2 11 1 18161.0816
3 11 1 22396.7333
4 11 1 26632.3849
5 11 1 30868.0365
6 11 1 35103.6881
7 11 1 39339.3398
8 11 1 43574.9914
9 11 1 47810.6430
10 11 1 52046.2947
11 11 1 56281.9463
12 11 1 60517.5979
13 11 1 64753.2495
14 11 1 68988.9012
15 11 1 73224.5528
16 11 1 77460.2044
17 11 1 81695.8560
18 11 1 85931.5077
19 11 1 90167.1593
20 11 1 94402.8109
21 11 1 98638.4626
1 1 2 13925.4300
2 1 2 18161.0816
3 1 2 22396.7333
4 1 2 26632.3849
5 1 2 30868.0365
6 1 2 35103.6881
7 1 2 39339.3398
8 1 2 43574.9914
9 1 2 47810.6430
10 1 2 52046.2947
11 1 2 56281.9463
12 1 2 60517.5979
13 1 2 64753.2495
14 1 2 68988.9012
15 1 2 73224.5528
16 1 2 77460.2044
17 1 2 81695.8560
18 1 2 85931.5077
19 1 2 90167.1593
20 1 2 94402.8109
21 1 2 98638.4626
1 2 2 13925.4300
2 2 2 18161.0816
3 2 2 22396.7333
4 2 2 26632.3849
5 2 2 30868.0365
6 2 2 35103.6881
7 2 2 39339.3398
8 2 2 43574.9914
9 2 2 47810.6430
10 2 2 52046.2947
11 2 2 56281.9463
12 2 2 60517.5979
13 2 2 64753.2495
14 2 2 68988.9012
15 2 2 73224.5528
16 2 2 77460.2044
17 2 2 81695.8560
18 2 2 85931.5077
19 2 2 90167.1593
20 2 2 94402.8109
21 2 2 98638.4626
1 3 2 13925.4300
2 3 2 18161.0816
3 3 2 22396.7333
4 3 2 26632.3849
5 3 2 30868.0365
6 3 2 35103.6881
7 3 2 39339.3398
8 3 2 43574.9914
9 3 2 47810.6430
10 3 2 52046.2947
11 3 2 56281.9463
12 3 2 60517.5979
13 3 2 64753.2495
14 3 2 68988.9012
15 3 2 73224.5528
16 3 2 77460.2044
17 3 2 81695.8560
18 3 2 85931.5077
19 3 2 90167.1593
20 3 2 94402.8109
21 3 2 98638.4626
1 4 2 13925.4300
2 4 2 18161.0816
3 4 2 22396.7333
4 4 2 26632.3849
5 4 2 30868.0365
6 4 2 35103.6881
7 4 2 39339.3398
8 4 2 43574.9914
9 4 2 47810.6430
10 4 2 52046.2947
11 4 2 56281.9463
12 4 2 60517.5979
13 4 2 64753.2495
14 4 2 68988.9012
15 4 2 73224.5528
16 4 2 77460.2044
17 4 2 81695.8560
18 4 2 85931.5077
19 4 2 90167.1593
20 4 2 94402.8109
21 4 2 98638.4626
1 5 2 13925.4300
2 5 2 18161.0816
3 5 2 22396.7333
4 5 2 26632.3849
5 5 2 30868.0365
6 5 2 35103.6881
7 5 2 39339.3398
8 5 2 43574.9914
9 5 2 47810.6430
10 5 2 52046.2947
11 5 2 56281.9463
12 5 2 60517.5979
13 5 2 64753.2495
14 5 2 68988.9012
15 5 2 73224.5528
16 5 2 77460.2044
17 5 2 81695.8560
18 5 2 85931.5077
19 5 2 90167.1593
20 5 2 94402.8109
21 5 2 98638.4626
1 6 2 13925.4300
2 6 2 18161.0816
3 6 2 22396.7333
4 6 2 26632.3849
5 6 2 30868.0365
6 6 2 35103.6881
7 6 2 39339.3398
8 6 2 43574.9914
9 6 2 47810.6430
10 6 2 52046.2947
11 6 2 56281.9463
12 6 2 60517.5979
13 6 2 64753.2495
14 6 2 68988.9012
15 6 2 73224.5528
16 6 2 77460.2044
17 6 2 81695.8560
18 6 2 85931.5077
19 6 2 90167.1593
20 6 2 94402.8109
21 6 2 98638.4626
1 7 2 13925.4300
2 7 2 18161.0816
3 7 2 22396.7333
4 7 2 26632.3849
5 7 2 30868.0365
6 7 2 35103.6881
7 7 2 39339.3398
8 7 2 43574.9914
9 7 2 47810.6430
10 7 2 52046.2947
11 7 2 56281.9463
12 7 2 60517.5979
13 7 2 64753.2495
14 7 2 68988.9012
15 7 2 73224.5528
16 7 2 77460.2044
17 7 2 81695.8560
18 7 2 85931.5077
19 7 2 90167.1593
20 7 2 94402.8109
21 7 2 98638.4626
1 8 2 13925.4300
2 8 2 18161.0816
3 8 2 22396.7333
4 8 2 26632.3849
5 8 2 30868.0365
6 8 2 35103.6881
7 8 2 39339.3398
8 8 2 43574.9914
9 8 2 47810.6430
10 8 2 52046.2947
11 8 2 56281.9463
12 8 2 60517.5979
13 8 2 64753.2495
14 8 2 68988.9012
15 8 2 73224.5528
16 8 2 77460.2044
17 8 2 81695.8560
18 8 2 85931.5077
19 8 2 90167.1593
20 8 2 94402.8109
21 8 2 98638.4626
1 9 2 13925.4300
2 9 2 18161.0816
3 9 2 22396.7333
4 9 2 26632.3849
5 9 2 30868.0365
6 9 2 35103.6881
7 9 2 39339.3398
8 9 2 43574.9914
9 9 2 47810.6430
10 9 2 52046.2947
11 9 2 56281.9463
12 9 2 60517.5979
13 9 2 64753.2495
14 9 2 68988.9012
15 9 2 73224.5528
16 9 2 77460.2044
17 9 2 81695.8560
18 9 2 85931.5077
19 9 2 90167.1593
20 9 2 94402.8109
21 9 2 98638.4626
1 10 2 13925.4300
2 10 2 18161.0816
3 10 2 22396.7333
4 10 2 26632.3849
5 10 2 30868.0365
6 10 2 35103.6881
7 10 2 39339.3398
8 10 2 43574.9914
9 10 2 47810.6430
10 10 2 52046.2947
11 10 2 56281.9463
12 10 2 60517.5979
13 10 2 64753.2495
14 10 2 68988.9012
15 10 2 73224.5528
16 10 2 77460.2044
17 10 2 81695.8560
18 10 2 85931.5077
19 10 2 90167.1593
20 10 2 94402.8109
21 10 2 98638.4626
1 11 2 13925.4300
2 11 2 18161.0816
3 11 2 22396.7333
4 11 2 26632.3849
5 11 2 30868.0365
6 11 2 35103.6881
7 11 2 39339.3398
8 11 2 43574.9914
9 11 2 47810.6430
10 11 2 52046.2947
11 11 2 56281.9463
12 11 2 60517.5979
13 11 2 64753.2495
14 11 2 68988.9012
15 11 2 73224.5528
16 11 2 77460.2044
17 11 2 81695.8560
18 11 2 85931.5077
19 11 2 90167.1593
20 11 2 94402.8109
21 11 2 98638.4626
1 1 3 13925.4300
2 1 3 18161.0816
3 1 3 22396.7333
4 1 3 26632.3849
5 1 3 30868.0365
6 1 3 35103.6881
7 1 3 39339.3398
8 1 3 43574.9914
9 1 3 47810.6430
10 1 3 52046.2947
11 1 3 56281.9463
12 1 3 60517.5979
13 1 3 64753.2495
14 1 3 68988.9012
15 1 3 73224.5528
16 1 3 77460.2044
17 1 3 81695.8560
18 1 3 85931.5077
19 1 3 90167.1593
20 1 3 94402.8109
21 1 3 98638.4626
1 2 3 13925.4300
2 2 3 18161.0816
3 2 3 22396.7333
4 2 3 26632.3849
5 2 3 30868.0365
6 2 3 35103.6881
7 2 3 39339.3398
8 2 3 43574.9914
9 2 3 47810.6430
10 2 3 52046.2947
11 2 3 56281.9463
12 2 3 60517.5979
13 2 3 64753.2495
14 2 3 68988.9012
15 2 3 73224.5528
16 2 3 77460.2044
17 2 3 81695.8560
18 2 3 85931.5077
19 2 3 90167.1593
20 2 3 94402.8109
21 2 3 98638.4626
1 3 3 13925.4300
2 3 3 18161.0816
3 3 3 22396.7333
4 3 3 26632.3849
5 3 3 30868.0365
6 3 3 35103.6881
7 3 3 39339.3398
8 3 3 43574.9914
9 3 3 47810.6430
10 3 3 52046.2947
11 3 3 56281.9463
12 3 3 60517.5979
13 3 3 64753.2495
14 3 3 68988.9012
15 3 3 73224.5528
16 3 3 77460.2044
17 3 3 81695.8560
18 3 3 85931.5077
19 3 3 90167.1593
20 3 3 94402.8109
21 3 3 98638.4626
1 4 3 13925.4300
2 4 3 18161.0816
3 4 3 22396.7333
4 4 3 26632.3849
5 4 3 30868.0365
6 4 3 35103.6881
7 4 3 39339.3398
8 4 3 43574.9914
9 4 3 47810.6430
10 4 3 52046.2947
11 4 3 56281.9463
12 4 3 60517.5979
13 4 3 64753.2495
14 4 3 68988.9012
15 4 3 73224.5528
16 4 3 77460.2044
17 4 3 81695.8560
18 4 3 85931.5077
19 4 3 90167.1593
20 4 3 94402.8109
21 4 3 98638.4626
1 5 3 13925.4300
2 5 3 18161.0816
3 5 3 22396.7333
4 5 3 26632.3849
5 5 3 30868.0365
6 5 3 35103.6881
7 5 3 39339.3398
8 5 3 43574.9914
9 5 3 47810.6430
10 5 3 52046.2947
11 5 3 56281.9463
12 5 3 60517.5979
13 5 3 64753.2495
14 5 3 68988.9012
15 5 3 73224.5528
16 5 3 77460.2044
17 5 3 81695.8560
18 5 3 85931.5077
19 5 3 90167.1593
20 5 3 94402.8109
21 5 3 98638.4626
1 6 3 13925.4300
2 6 3 18161.0816
3 6 3 22396.7333
4 6 3 26632.3849
5 6 3 30868.0365
6 6 3 35103.6881
7 6 3 39339.3398
8 6 3 43574.9914
9 6 3 47810.6430
10 6 3 52046.2947
11 6 3 56281.9463
12 6 3 60517.5979
13 6 3 64753.2495
14 6 3 68988.9012
15 6 3 73224.5528
16 6 3 77460.2044
17 6 3 81695.8560
18 6 3 85931.5077
19 6 3 90167.1593
20 6 3 94402.8109
21 6 3 98638.4626
1 7 3 13925.4300
2 7 3 18161.0816
3 7 3 22396.7333
4 7 3 26632.3849
5 7 3 30868.0365
6 7 3 35103.6881
7 7 3 39339.3398
8 7 3 43574.9914
9 7 3 47810.6430
10 7 3 52046.2947
11 7 3 56281.9463
12 7 3 60517.5979
13 7 3 64753.2495
14 7 3 68988.9012
15 7 3 73224.5528
16 7 3 77460.2044
17 7 3 81695.8560
18 7 3 85931.5077
19 7 3 90167.1593
20 7 3 94402.8109
21 7 3 98638.4626
1 8 3 13925.4300
2 8 3 18161.0816
3 8 3 22396.7333
4 8 3 26632.3849
5 8 3 30868.0365
6 8 3 35103.6881
7 8 3 39339.3398
8 8 3 43574.9914
9 8 3 47810.6430
10 8 3 52046.2947
11 8 3 56281.9463
12 8 3 60517.5979
13 8 3 64753.2495
14 8 3 68988.9012
15 8 3 73224.5528
16 8 3 77460.2044
17 8 3 81695.8560
18 8 3 85931.5077
19 8 3 90167.1593
20 8 3 94402.8109
21 8 3 98638.4626
1 9 3 13925.4300
2 9 3 18161.0816
3 9 3 22396.7333
4 9 3 26632.3849
5 9 3 30868.0365
6 9 3 35103.6881
7 9 3 39339.3398
8 9 3 43574.9914
9 9 3 47810.6430
10 9 3 52046.2947
11 9 3 56281.9463
12 9 3 60517.5979
13 9 3 64753.2495
14 9 3 68988.9012
15 9 3 73224.5528
16 9 3 77460.2044
17 9 3 81695.8560
18 9 3 85931.5077
19 9 3 90167.1593
20 9 3 94402.8109
21 9 3 98638.4626
1 10 3 13925.4300
2 10 3 18161.0816
3 10 3 22396.7333
4 10 3 26632.3849
5 10 3 30868.0365
6 10 3 35103.6881
7 10 3 39339.3398
8 10 3 43574.9914
9 10 3 47810.6430
10 10 3 52046.2947
11 10 3 56281.9463
12 10 3 60517.5979
13 10 3 64753.2495
14 10 3 68988.9012
15 10 3 73224.5528
16 10 3 77460.2044
17 10 3 81695.8560
18 10 3 85931.5077
19 10 3 90167.1593
20 10 3 94402.8109
21 10 3 98638.4626
1 11 3 13925.4300
2 11 3 18161.0816
3 11 3 22396.7333
4 11 3 26632.3849
5 11 3 30868.0365
6 11 3 35103.6881
7 11 3 39339.3398
8 11 3 43574.9914
9 11 3 47810.6430
10 11 3 52046.2947
11 11 3 56281.9463
12 11 3 60517.5979
13 11 3 64753.2495
14 11 3 68988.9012
15 11 3 73224.5528
16 11 3 77460.2044
17 11 3 81695.8560
18 11 3 85931.5077
19 11 3 90167.1593
20 11 3 94402.8109
21 11 3 98638.4626
1 1 4 13925.4300
2 1 4 18161.0816
3 1 4 22396.7333
4 1 4 26632.3849
5 1 4 30868.0365
6 1 4 35103.6881
7 1 4 39339.3398
8 1 4 43574.9914
9 1 4 47810.6430
10 1 4 52046.2947
11 1 4 56281.9463
12 1 4 60517.5979
13 1 4 64753.2495
14 1 4 68988.9012
15 1 4 73224.5528
16 1 4 77460.2044
17 1 4 81695.8560
18 1 4 85931.5077
19 1 4 90167.1593
20 1 4 94402.8109
21 1 4 98638.4626
1 2 4 13925.4300
2 2 4 18161.0816
3 2 4 22396.7333
4 2 4 26632.3849
5 2 4 30868.0365
6 2 4 35103.6881
7 2 4 39339.3398
8 2 4 43574.9914
9 2 4 47810.6430
10 2 4 52046.2947
11 2 4 56281.9463
12 2 4 60517.5979
13 2 4 64753.2495
14 2 4 68988.9012
15 2 4 73224.5528
16 2 4 77460.2044
17 2 4 81695.8560
18 2 4 85931.5077
19 2 4 90167.1593
20 2 4 94402.8109
21 2 4 98638.4626
1 3 4 13925.4300
2 3 4 18161.0816
3 3 4 22396.7333
4 3 4 26632.3849
5 3 4 30868.0365
6 3 4 35103.6881
7 3 4 39339.3398
8 3 4 43574.9914
9 3 4 47810.6430
10 3 4 52046.2947
11 3 4 56281.9463
12 3 4 60517.5979
13 3 4 64753.2495
14 3 4 68988.9012
15 3 4 73224.5528
16 3 4 77460.2044
17 3 4 81695.8560
18 3 4 85931.5077
19 3 4 90167.1593
20 3 4 94402.8109
21 3 4 98638.4626
1 4 4 13925.4300
2 4 4 18161.0816
3 4 4 22396.7333
4 4 4 26632.3849
5 4 4 30868.0365
6 4 4 35103.6881
7 4 4 39339.3398
8 4 4 43574.9914
9 4 4 47810.6430
10 4 4 52046.2947
11 4 4 56281.9463
12 4 4 60517.5979
13 4 4 64753.2495
14 4 4 68988.9012
15 4 4 73224.5528
16 4 4 77460.2044
17 4 4 81695.8560
18 4 4 85931.5077
19 4 4 90167.1593
20 4 4 94402.8109
21 4 4 98638.4626
1 5 4 13925.4300
2 5 4 18161.0816
3 5 4 22396.7333
4 5 4 26632.3849
5 5 4 30868.0365
6 5 4 35103.6881
7 5 4 39339.3398
8 5 4 43574.9914
9 5 4 47810.6430
10 5 4 52046.2947
11 5 4 56281.9463
12 5 4 60517.5979
13 5 4 64753.2495
14 5 4 68988.9012
15 5 4 73224.5528
16 5 4 77460.2044
17 5 4 81695.8560
18 5 4 85931.5077
19 5 4 90167.1593
20 5 4 94402.8109
21 5 4 98638.4626
1 6 4 13925.4300
2 6 4 18161.0816
3 6 4 22396.7333
4 6 4 26632.3849
5 6 4 30868.0365
6 6 4 35103.6881
7 6 4 39339.3398
8 6 4 43574.9914
9 6 4 47810.6430
10 6 4 52046.2947
11 6 4 56281.9463
12 6 4 60517.5979
13 6 4 64753.2495
14 6 4 68988.9012
15 6 4 73224.5528
16 6 4 77460.2044
17 6 4 81695.8560
18 6 4 85931.5077
19 6 4 90167.1593
20 6 4 94402.8109
21 6 4 98638.4626
1 7 4 13925.4300
2 7 4 18161.0816
3 7 4 22396.7333
4 7 4 26632.3849
5 7 4 30868.0365
6 7 4 35103.6881
7 7 4 39339.3398
8 7 4 43574.9914
9 7 4 47810.6430
10 7 4 52046.2947
11 7 4 56281.9463
12 7 4 60517.5979
13 7 4 64753.2495
14 7 4 68988.9012
15 7 4 73224.5528
16 7 4 77460.2044
17 7 4 81695.8560
18 7 4 85931.5077
19 7 4 90167.1593
20 7 4 94402.8109
21 7 4 98638.4626
1 8 4 13925.4300
2 8 4 18161.0816
3 8 4 22396.7333
4 8 4 26632.3849
5 8 4 30868.0365
6 8 4 35103.6881
7 8 4 39339.3398
8 8 4 43574.9914
9 8 4 47810.6430
10 8 4 52046.2947
11 8 4 56281.9463
12 8 4 60517.5979
13 8 4 64753.2495
14 8 4 68988.9012
15 8 4 73224.5528
16 8 4 77460.2044
17 8 4 81695.8560
18 8 4 85931.5077
19 8 4 90167.1593
20 8 4 94402.8109
21 8 4 98638.4626
1 9 4 13925.4300
2 9 4 18161.0816
3 9 4 22396.7333
4 9 4 26632.3849
5 9 4 30868.0365
6 9 4 35103.6881
7 9 4 39339.3398
8 9 4 43574.9914
9 9 4 47810.6430
10 9 4 52046.2947
11 9 4 56281.9463
12 9 4 60517.5979
13 9 4 64753.2495
14 9 4 68988.9012
15 9 4 73224.5528
16 9 4 77460.2044
17 9 4 81695.8560
18 9 4 85931.5077
19 9 4 90167.1593
20 9 4 94402.8109
21 9 4 98638.4626
1 10 4 13925.4300
2 10 4 18161.0816
3 10 4 22396.7333
4 10 4 26632.3849
5 10 4 30868.0365
6 10 4 35103.6881
7 10 4 39339.3398
8 10 4 43574.9914
9 10 4 47810.6430
10 10 4 52046.2947
11 10 4 56281.9463
12 10 4 60517.5979
13 10 4 64753.2495
14 10 4 68988.9012
15 10 4 73224.5528
16 10 4 77460.2044
17 10 4 81695.8560
18 10 4 85931.5077
19 10 4 90167.1593
20 10 4 94402.8109
21 10 4 98638.4626
1 11 4 13925.4300
2 11 4 18161.0816
3 11 4 22396.7333
4 11 4 26632.3849
5 11 4 30868.0365
6 11 4 35103.6881
7 11 4 39339.3398
8 11 4 43574.9914
9 11 4 47810.6430
10 11 4 52046.2947
11 11 4 56281.9463
12 11 4 60517.5979
13 11 4 64753.2495
14 11 4 68988.9012
15 11 4 73224.5528
16 11 4 77460.2044
17 11 4 81695.8560
18 11 4 85931.5077
19 11 4 90167.1593
20 11 4 94402.8109
21 11 4 98638.4626
1 1 5 13925.4300
2 1 5 18161.0816
3 1 5 22396.7333
4 1 5 26632.3849
5 1 5 30868.0365
6 1 5 35103.6881
7 1 5 39339.3398
8 1 5 43574.9914
9 1 5 47810.6430
10 1 5 52046.2947
11 1 5 56281.9463
12 1 5 60517.5979
13 1 5 64753.2495
14 1 5 68988.9012
15 1 5 73224.5528
16 1 5 77460.2044
17 1 5 81695.8560
18 1 5 85931.5077
19 1 5 90167.1593
20 1 5 94402.8109
21 1 5 98638.4626
1 2 5 13925.4300
2 2 5 18161.0816
3 2 5 22396.7333
4 2 5 26632.3849
5 2 5 30868.0365
6 2 5 35103.6881
7 2 5 39339.3398
8 2 5 43574.9914
9 2 5 47810.6430
10 2 5 52046.2947
11 2 5 56281.9463
12 2 5 60517.5979
13 2 5 64753.2495
14 2 5 68988.9012
15 2 5 73224.5528
16 2 5 77460.2044
17 2 5 81695.8560
18 2 5 85931.5077
19 2 5 90167.1593
20 2 5 94402.8109
21 2 5 98638.4626
1 3 5 13925.4300
2 3 5 18161.0816
3 3 5 22396.7333
4 3 5 26632.3849
5 3 5 30868.0365
6 3 5 35103.6881
7 3 5 39339.3398
8 3 5 43574.9914
9 3 5 47810.6430
10 3 5 52046.2947
11 3 5 56281.9463
12 3 5 60517.5979
13 3 5 64753.2495
14 3 5 68988.9012
15 3 5 73224.5528
16 3 5 77460.2044
17 3 5 81695.8560
18 3 5 85931.5077
19 3 5 90167.1593
20 3 5 94402.8109
21 3 5 98638.4626
1 4 5 13925.4300
2 4 5 18161.0816
3 4 5 22396.7333
4 4 5 26632.3849
5 4 5 30868.0365
6 4 5 35103.6881
7 4 5 39339.3398
8 4 5 43574.9914
9 4 5 47810.6430
10 4 5 52046.2947
11 4 5 56281.9463
12 4 5 60517.5979
13 4 5 64753.2495
14 4 5 68988.9012
15 4 5 73224.5528
16 4 5 77460.2044
17 4 5 81695.8560
18 4 5 85931.5077
19 4 5 90167.1593
20 4 5 94402.8109
21 4 5 98638.4626
1 5 5 13925.4300
2 5 5 18161.0816
3 5 5 22396.7333
4 5 5 26632.3849
5 5 5 30868.0365
6 5 5 35103.6881
7 5 5 39339.3398
8 5 5 43574.9914
9 5 5 47810.6430
10 5 5 52046.2947
11 5 5 56281.9463
12 5 5 60517.5979
13 5 5 64753.2495
14 5 5 68988.9012
15 5 5 73224.5528
16 5 5 77460.2044
17 5 5 81695.8560
18 5 5 85931.5077
19 5 5 90167.1593
20 5 5 94402.8109
21 5 5 98638.4626
1 6 5 13925.4300
2 6 5 18161.0816
3 6 5 22396.7333
4 6 5 26632.3849
5 6 5 30868.0365
6 6 5 35103.6881
7 6 5 39339.3398
8 6 5 43574.9914
9 6 5 47810.6430
10 6 5 52046.2947
11 6 5 56281.9463
12 6 5 60517.5979
13 6 5 64753.2495
14 6 5 68988.9012
15 6 5 73224.5528
16 6 5 77460.2044
17 6 5 81695.8560
18 6 5 85931.5077
19 6 5 90167.1593
20 6 5 94402.8109
21 6 5 98638.4626
1 7 5 13925.4300
2 7 5 18161.0816
3 7 5 22396.7333
4 7 5 26632.3849
5 7 5 30868.0365
6 7 5 35103.6881
7 7 5 39339.3398
8 7 5 43574.9914
9 7 5 47810.6430
10 7 5 52046.2947
11 7 5 56281.9463
12 7 5 60517.5979
13 7 5 64753.2495
14 7 5 68988.9012
15 7 5 73224.5528
16 7 5 77460.2044
17 7 5 81695.8560
18 7 5 85931.5077
19 7 5 90167.1593
20 7 5 94402.8109
21 7 5 98638.4626
1 8 5 13925.4300
2 8 5 18161.0816
3 8 5 22396.7333
4 8 5 26632.3849
5 8 5 30868.0365
6 8 5 35103.6881
7 8 5 39339.3398
8 8 5 43574.9914
9 8 5 47810.6430
10 8 5 52046.2947
11 8 5 56281.9463
12 8 5 60517.5979
13 8 5 64753.2495
14 8 5 68988.9012
15 8 5 73224.5528
16 8 5 77460.2044
17 8 5 81695.8560
18 8 5 85931.5077
19 8 5 90167.1593
20 8 5 94402.8109
21 8 5 98638.4626
1 9 5 13925.4300
2 9 5 18161.0816
3 9 5 22396.7333
4 9 5 26632.3849
5 9 5 30868.0365
6 9 5 35103.6881
7 9 5 39339.3398
8 9 5 43574.9914
9 9 5 47810.6430
10 9 5 52046.2947
11 9 5 56281.9463
12 9 5 60517.5979
13 9 5 64753.2495
14 9 5 68988.9012
15 9 5 73224.5528
16 9 5 77460.2044
17 9 5 81695.8560
18 9 5 85931.5077
19 9 5 90167.1593
20 9 5 94402.8109
21 9 5 98638.4626
1 10 5 13925.4300
2 10 5 18161.0816
3 10 5 22396.7333
4 10 5 26632.3849
5 10 5 30868.0365
6 10 5 35103.6881
7 10 5 39339.3398
8 10 5 43574.9914
9 10 5 47810.6430
10 10 5 52046.2947
11 10 5 56281.9463
12 10 5 60517.5979
13 10 5 64753.2495
14 10 5 68988.9012
15 10 5 73224.5528
16 10 5 77460.2044
17 10 5 81695.8560
18 10 5 85931.5077
19 10 5 90167.1593
20 10 5 94402.8109
21 10 5 98638.4626
1 11 5 13925.4300
2 11 5 18161.0816
3 11 5 22396.7333
4 11 5 26632.3849
5 11 5 30868.0365
6 11 5 35103.6881
7 11 5 39339.3398
8 11 5 43574.9914
9 11 5 47810.6430
10 11 5 52046.2947
11 11 5 56281.9463
12 11 5 60517.5979
13 11 5 64753.2495
14 11 5 68988.9012
15 11 5 73224.5528
16 11 5 77460.2044
17 11 5 81695.8560
18 11 5 85931.5077
19 11 5 90167.1593
20 11 5 94402.8109
21 11 5 98638.4626
1 1 6 13925.4300
2 1 6 18161.0816
3 1 6 22396.7333
4 1 6 26632.3849
5 1 6 30868.0365
6 1 6 35103.6881
7 1 6 39339.3398
8 1 6 43574.9914
9 1 6 47810.6430
10 1 6 52046.2947
11 1 6 56281.9463
12 1 6 60517.5979
13 1 6 64753.2495
14 1 6 68988.9012
15 1 6 73224.5528
16 1 6 77460.2044
17 1 6 81695.8560
18 1 6 85931.5077
19 1 6 90167.1593
20 1 6 94402.8109
21 1 6 98638.4626
1 2 6 13925.4300
2 2 6 18161.0816
3 2 6 22396.7333
4 2 6 26632.3849
5 2 6 30868.0365
6 2 6 35103.6881
7 2 6 39339.3398
8 2 6 43574.9914
9 2 6 47810.6430
10 2 6 52046.2947
11 2 6 56281.9463
12 2 6 60517.5979
13 2 6 64753.2495
14 2 6 68988.9012
15 2 6 73224.5528
16 2 6 77460.2044
17 2 6 81695.8560
18 2 6 85931.5077
19 2 6 90167.1593
20 2 6 94402.8109
21 2 6 98638.4626
1 3 6 13925.4300
2 3 6 18161.0816
3 3 6 22396.7333
4 3 6 26632.3849
5 3 6 30868.0365
6 3 6 35103.6881
7 3 6 39339.3398
8 3 6 43574.9914
9 3 6 47810.6430
10 3 6 52046.2947
11 3 6 56281.9463
12 3 6 60517.5979
13 3 6 64753.2495
14 3 6 68988.9012
15 3 6 73224.5528
16 3 6 77460.2044
17 3 6 81695.8560
18 3 6 85931.5077
19 3 6 90167.1593
20 3 6 94402.8109
21 3 6 98638.4626
1 4 6 13925.4300
2 4 6 18161.0816
3 4 6 22396.7333
4 4 6 26632.3849
5 4 6 30868.0365
6 4 6 35103.6881
7 4 6 39339.3398
8 4 6 43574.9914
9 4 6 47810.6430
10 4 6 52046.2947
11 4 6 56281.9463
12 4 6 60517.5979
13 4 6 64753.2495
14 4 6 68988.9012
15 4 6 73224.5528
16 4 6 77460.2044
17 4 6 81695.8560
18 4 6 85931.5077
19 4 6 90167.1593
20 4 6 94402.8109
21 4 6 98638.4626
1 5 6 13925.4300
2 5 6 18161.0816
3 5 6 22396.7333
4 5 6 26632.3849
5 5 6 30868.0365
6 5 6 35103.6881
7 5 6 39339.3398
8 5 6 43574.9914
9 5 6 47810.6430
10 5 6 52046.2947
11 5 6 56281.9463
12 5 6 60517.5979
13 5 6 64753.2495
14 5 6 68988.9012
15 5 6 73224.5528
16 5 6 77460.2044
17 5 6 81695.8560
18 5 6 85931.5077
19 5 6 90167.1593
20 5 6 94402.8109
21 5 6 98638.4626
1 6 6 13925.4300
2 6 6 18161.0816
3 6 6 22396.7333
4 6 6 26632.3849
5 6 6 30868.0365
6 6 6 35103.6881
7 6 6 39339.3398
8 6 6 43574.9914
9 6 6 47810.6430
10 6 6 52046.2947
11 6 6 56281.9463
12 6 6 60517.5979
13 6 6 64753.2495
14 6 6 68988.9012
15 6 6 73224.5528
16 6 6 77460.2044
17 6 6 81695.8560
18 6 6 85931.5077
19 6 6 90167.1593
20 6 6 94402.8109
21 6 6 98638.4626
1 7 6 13925.4300
2 7 6 18161.0816
3 7 6 22396.7333
4 7 6 26632.3849
5 7 6 30868.0365
6 7 6 35103.6881
7 7 6 39339.3398
8 7 6 43574.9914
9 7 6 47810.6430
10 7 6 52046.2947
11 7 6 56281.9463
12 7 6 60517.5979
13 7 6 64753.2495
14 7 6 68988.9012
15 7 6 73224.5528
16 7 6 77460.2044
17 7 6 81695.8560
18 7 6 85931.5077
19 7 6 90167.1593
20 7 6 94402.8109
21 7 6 98638.4626
1 8 6 13925.4300
2 8 6 18161.0816
3 8 6 22396.7333
4 8 6 26632.3849
5 8 6 30868.0365
6 8 6 35103.6881
7 8 6 39339.3398
8 8 6 43574.9914
9 8 6 47810.6430
10 8 6 52046.2947
11 8 6 56281.9463
12 8 6 60517.5979
13 8 6 64753.2495
14 8 6 68988.9012
15 8 6 73224.5528
16 8 6 77460.2044
17 8 6 81695.8560
18 8 6 85931.5077
19 8 6 90167.1593
20 8 6 94402.8109
21 8 6 98638.4626
1 9 6 13925.4300
2 9 6 18161.0816
3 9 6 22396.7333
4 9 6 26632.3849
5 9 6 30868.0365
6 9 6 35103.6881
7 9 6 39339.3398
8 9 6 43574.9914
9 9 6 47810.6430
10 9 6 52046.2947
11 9 6 56281.9463
12 9 6 60517.5979
13 9 6 64753.2495
14 9 6 68988.9012
15 9 6 73224.5528
16 9 6 77460.2044
17 9 6 81695.8560
18 9 6 85931.5077
19 9 6 90167.1593
20 9 6 94402.8109
21 9 6 98638.4626
1 10 6 13925.4300
2 10 6 18161.0816
3 10 6 22396.7333
4 10 6 26632.3849
5 10 6 30868.0365
6 10 6 35103.6881
7 10 6 39339.3398
8 10 6 43574.9914
9 10 6 47810.6430
10 10 6 52046.2947
11 10 6 56281.9463
12 10 6 60517.5979
13 10 6 64753.2495
14 10 6 68988.9012
15 10 6 73224.5528
16 10 6 77460.2044
17 10 6 81695.8560
18 10 6 85931.5077
19 10 6 90167.1593
20 10 6 94402.8109
21 10 6 98638.4626
1 11 6 13925.4300
2 11 6 18161.0816
3 11 6 22396.7333
4 11 6 26632.3849
5 11 6 30868.0365
6 11 6 35103.6881
7 11 6 39339.3398
8 11 6 43574.9914
9 11 6 47810.6430
10 11 6 52046.2947
11 11 6 56281.9463
12 11 6 60517.5979
13 11 6 64753.2495
14 11 6 68988.9012
15 11 6 73224.5528
16 11 6 77460.2044
17 11 6 81695.8560
18 11 6 85931.5077
19 11 6 90167.1593
20 11 6 94402.8109
21 11 6 98638.4626
1 1 7 13925.4300
2 1 7 18161.0816
3 1 7 22396.7333
4 1 7 26632.3849
5 1 7 30868.0365
6 1 7 35103.6881
7 1 7 39339.3398
8 1 7 43574.9914
9 1 7 47810.6430
10 1 7 52046.2947
11 1 7 56281.9463
12 1 7 60517.5979
13 1 7 64753.2495
14 1 7 68988.9012
15 1 7 73224.5528
16 1 7 77460.2044
17 1 7 81695.8560
18 1 7 85931.5077
19 1 7 90167.1593
20 1 7 94402.8109
21 1 7 98638.4626
1 2 7 13925.4300
2 2 7 18161.0816
3 2 7 22396.7333
4 2 7 26632.3849
5 2 7 30868.0365
6 2 7 35103.6881
7 2 7 39339.3398
8 2 7 43574.9914
9 2 7 47810.6430
10 2 7 52046.2947
11 2 7 56281.9463
12 2 7 60517.5979
13 2 7 64753.2495
14 2 7 68988.9012
15 2 7 73224.5528
16 2 7 77460.2044
17 2 7 81695.8560
18 2 7 85931.5077
19 2 7 90167.1593
20 2 7 94402.8109
21 2 7 98638.4626
1 3 7 13925.4300
2 3 7 18161.0816
3 3 7 22396.7333
4 3 7 26632.3849
5 3 7 30868.0365
6 3 7 35103.6881
7 3 7 39339.3398
8 3 7 43574.9914
9 3 7 47810.6430
10 3 7 52046.2947
11 3 7 56281.9463
12 3 7 60517.5979
13 3 7 64753.2495
14 3 7 68988.9012
15 3 7 73224.5528
16 3 7 77460.2044
17 3 7 81695.8560
18 3 7 85931.5077
19 3 7 90167.1593
20 3 7 94402.8109
21 3 7 98638.4626
1 4 7 13925.4300
2 4 7 18161.0816
3 4 7 22396.7333
4 4 7 26632.3849
5 4 7 30868.0365
6 4 7 35103.6881
7 4 7 39339.3398
8 4 7 43574.9914
9 4 7 47810.6430
10 4 7 52046.2947
11 4 7 56281.9463
12 4 7 60517.5979
13 4 7 64753.2495
14 4 7 68988.9012
15 4 7 73224.5528
16 4 7 77460.2044
17 4 7 81695.8560
18 4 7 85931.5077
19 4 7 90167.1593
20 4 7 94402.8109
21 4 7 98638.4626
1 5 7 13925.4300
2 5 7 18161.0816
3 5 7 22396.7333
4 5 7 26632.3849
5 5 7 30868.0365
6 5 7 35103.6881
7 5 7 39339.3398
8 5 7 43574.9914
9 5 7 47810.6430
10 5 7 52046.2947
11 5 7 56281.9463
12 5 7 60517.5979
13 5 7 64753.2495
14 5 7 68988.9012
15 5 7 73224.5528
16 5 7 77460.2044
17 5 7 81695.8560
18 5 7 85931.5077
19 5 7 90167.1593
20 5 7 94402.8109
21 5 7 98638.4626
1 6 7 13925.4300
2 6 7 18161.0816
3 6 7 22396.7333
4 6 7 26632.3849
5 6 7 30868.0365
6 6 7 35103.6881
7 6 7 39339.3398
8 6 7 43574.9914
9 6 7 47810.6430
10 6 7 52046.2947
11 6 7 56281.9463
12 6 7 60517.5979
13 6 7 64753.2495
14 6 7 68988.9012
15 6 7 73224.5528
16 6 7 77460.2044
17 6 7 81695.8560
18 6 7 85931.5077
19 6 7 90167.1593
20 6 7 94402.8109
21 6 7 98638.4626
1 7 7 13925.4300
2 7 7 18161.0816
3 7 7 22396.7333
4 7 7 26632.3849
5 7 7 30868.0365
6 7 7 35103.6881
7 7 7 39339.3398
8 7 7 43574.9914
9 7 7 47810.6430
10 7 7 52046.2947
11 7 7 56281.9463
12 7 7 60517.5979
13 7 7 64753.2495
14 7 7 68988.9012
15 7 7 73224.5528
16 7 7 77460.2044
17 7 7 81695.8560
18 7 7 85931.5077
19 7 7 90167.1593
20 7 7 94402.8109
21 7 7 98638.4626
1 8 7 13925.4300
2 8 7 18161.0816
3 8 7 22396.7333
4 8 7 26632.3849
5 8 7 30868.0365
6 8 7 35103.6881
7 8 7 39339.3398
8 8 7 43574.9914
9 8 7 47810.6430
10 8 7 52046.2947
11 8 7 56281.9463
12 8 7 60517.5979
13 8 7 64753.2495
14 8 7 68988.9012
15 8 7 73224.5528
16 8 7 77460.2044
17 8 7 81695.8560
18 8 7 85931.5077
19 8 7 90167.1593
20 8 7 94402.8109
21 8 7 98638.4626
1 9 7 13925.4300
2 9 7 18161.0816
3 9 7 22396.7333
4 9 7 26632.3849
5 9 7 30868.0365
6 9 7 35103.6881
7 9 7 39339.3398
8 9 7 43574.9914
9 9 7 47810.6430
10 9 7 52046.2947
11 9 7 56281.9463
12 9 7 60517.5979
13 9 7 64753.2495
14 9 7 68988.9012
15 9 7 73224.5528
16 9 7 77460.2044
17 9 7 81695.8560
18 9 7 85931.5077
19 9 7 90167.1593
20 9 7 94402.8109
21 9 7 98638.4626
1 10 7 13925.4300
2 10 7 18161.0816
3 10 7 22396.7333
4 10 7 26632.3849
5 10 7 30868.0365
6 10 7 35103.6881
7 10 7 39339.3398
8 10 7 43574.9914
9 10 7 47810.6430
10 10 7 52046.2947
11 10 7 56281.9463
12 10 7 60517.5979
13 10 7 64753.2495
14 10 7 68988.9012
15 10 7 73224.5528
16 10 7 77460.2044
17 10 7 81695.8560
18 10 7 85931.5077
19 10 7 90167.1593
20 10 7 94402.8109
21 10 7 98638.4626
1 11 7 13925.4300
2 11 7 18161.0816
3 11 7 22396.7333
4 11 7 26632.3849
5 11 7 30868.0365
6 11 7 35103.6881
7 11 7 39339.3398
8 11 7 43574.9914
9 11 7 47810.6430
10 11 7 52046.2947
11 11 7 56281.9463
12 11 7 60517.5979
13 11 7 64753.2495
14 11 7 68988.9012
15 11 7 73224.5528
16 11 7 77460.2044
17 11 7 81695.8560
18 11 7 85931.5077
19 11 7 90167.1593
20 11 7 94402.8109
21 11 7 98638.4626
1 1 8 13925.4300
2 1 8 18161.0816
3 1 8 22396.7333
4 1 8 26632.3849
5 1 8 30868.0365
6 1 8 35103.6881
7 1 8 39339.3398
8 1 8 43574.9914
9 1 8 47810.6430
10 1 8 52046.2947
11 1 8 56281.9463
12 1 8 60517.5979
13 1 8 64753.2495
14 1 8 68988.9012
15 1 8 73224.5528
16 1 8 77460.2044
17 1 8 81695.8560
18 1 8 85931.5077
19 1 8 90167.1593
20 1 8 94402.8109
21 1 8 98638.4626
1 2 8 13925.4300
2 2 8 18161.0816
3 2 8 22396.7333
4 2 8 26632.3849
5 2 8 30868.0365
6 2 8 35103.6881
7 2 8 39339.3398
8 2 8 43574.9914
9 2 8 47810.6430
10 2 8 52046.2947
11 2 8 56281.9463
12 2 8 60517.5979
13 2 8 64753.2495
14 2 8 68988.9012
15 2 8 73224.5528
16 2 8 77460.2044
17 2 8 81695.8560
18 2 8 85931.5077
19 2 8 90167.1593
20 2 8 94402.8109
21 2 8 98638.4626
1 3 8 13925.4300
2 3 8 18161.0816
3 3 8 22396.7333
4 3 8 26632.3849
5 3 8 30868.0365
6 3 8 35103.6881
7 3 8 39339.3398
8 3 8 43574.9914
9 3 8 47810.6430
10 3 8 52046.2947
11 3 8 56281.9463
12 3 8 60517.5979
13 3 8 64753.2495
14 3 8 68988.9012
15 3 8 73224.5528
16 3 8 77460.2044
17 3 8 81695.8560
18 3 8 85931.5077
19 3 8 90167.1593
20 3 8 94402.8109
21 3 8 98638.4626
1 4 8 13925.4300
2 4 8 18161.0816
3 4 8 22396.7333
4 4 8 26632.3849
5 4 8 30868.0365
6 4 8 35103.6881
7 4 8 39339.3398
8 4 8 43574.9914
9 4 8 47810.6430
10 4 8 52046.2947
11 4 8 56281.9463
12 4 8 60517.5979
13 4 8 64753.2495
14 4 8 68988.9012
15 4 8 73224.5528
16 4 8 77460.2044
17 4 8 81695.8560
18 4 8 85931.5077
19 4 8 90167.1593
20 4 8 94402.8109
21 4 8 98638.4626
1 5 8 13925.4300
2 5 8 18161.0816
3 5 8 22396.7333
4 5 8 26632.3849
5 5 8 30868.0365
6 5 8 35103.6881
7 5 8 39339.3398
8 5 8 43574.9914
9 5 8 47810.6430
10 5 8 52046.2947
11 5 8 56281.9463
12 5 8 60517.5979
13 5 8 64753.2495
14 5 8 68988.9012
15 5 8 73224.5528
16 5 8 77460.2044
17 5 8 81695.8560
18 5 8 85931.5077
19 5 8 90167.1593
20 5 8 94402.8109
21 5 8 98638.4626
1 6 8 13925.4300
2 6 8 18161.0816
3 6 8 22396.7333
4 6 8 26632.3849
5 6 8 30868.0365
6 6 8 35103.6881
7 6 8 39339.3398
8 6 8 43574.9914
9 6 8 47810.6430
10 6 8 52046.2947
11 6 8 56281.9463
12 6 8 60517.5979
13 6 8 64753.2495
14 6 8 68988.9012
15 6 8 73224.5528
16 6 8 77460.2044
17 6 8 81695.8560
18 6 8 85931.5077
19 6 8 90167.1593
20 6 8 94402.8109
21 6 8 98638.4626
1 7 8 13925.4300
2 7 8 18161.0816
3 7 8 22396.7333
4 7 8 26632.3849
5 7 8 30868.0365
6 7 8 35103.6881
7 7 8 39339.3398
8 7 8 43574.9914
9 7 8 47810.6430
10 7 8 52046.2947
11 7 8 56281.9463
12 7 8 60517.5979
13 7 8 64753.2495
14 7 8 68988.9012
15 7 8 73224.5528
16 7 8 77460.2044
17 7 8 81695.8560
18 7 8 85931.5077
19 7 8 90167.1593
20 7 8 94402.8109
21 7 8 98638.4626
1 8 8 13925.4300
2 8 8 18161.0816
3 8 8 22396.7333
4 8 8 26632.3849
5 8 8 30868.0365
6 8 8 35103.6881
7 8 8 39339.3398
8 8 8 43574.9914
9 8 8 47810.6430
10 8 8 52046.2947
11 8 8 56281.9463
12 8 8 60517.5979
13 8 8 64753.2495
14 8 8 68988.9012
15 8 8 73224.5528
16 8 8 77460.2044
17 8 8 81695.8560
18 8 8 85931.5077
19 8 8 90167.1593
20 8 8 94402.8109
21 8 8 98638.4626
1 9 8 13925.4300
2 9 8 18161.0816
3 9 8 22396.7333
4 9 8 26632.3849
5 9 8 30868.0365
6 9 8 35103.6881
7 9 8 39339.3398
8 9 8 43574.9914
9 9 8 47810.6430
10 9 8 52046.2947
11 9 8 56281.9463
12 9 8 60517.5979
13 9 8 64753.2495
14 9 8 68988.9012
15 9 8 73224.5528
16 9 8 77460.2044
17 9 8 81695.8560
18 9 8 85931.5077
19 9 8 90167.1593
20 9 8 94402.8109
21 9 8 98638.4626
1 10 8 13925.4300
2 10 8 18161.0816
3 10 8 22396.7333
4 10 8 26632.3849
5 10 8 30868.0365
6 10 8 35103.6881
7 10 8 39339.3398
8 10 8 43574.9914
9 10 8 47810.6430
10 10 8 52046.2947
11 10 8 56281.9463
12 10 8 60517.5979
13 10 8 64753.2495
14 10 8 68988.9012
15 10 8 73224.5528
16 10 8 77460.2044
17 10 8 81695.8560
18 10 8 85931.5077
19 10 8 90167.1593
20 10 8 94402.8109
21 10 8 98638.4626
1 11 8 13925.4300
2 11 8 18161.0816
3 11 8 22396.7333
4 11 8 26632.3849
5 11 8 30868.0365
6 11 8 35103.6881
7 11 8 39339.3398
8 11 8 43574.9914
9 11 8 47810.6430
10 11 8 52046.2947
11 11 8 56281.9463
12 11 8 60517.5979
13 11 8 64753.2495
14 11 8 68988.9012
15 11 8 73224.5528
16 11 8 77460.2044
17 11 8 81695.8560
18 11 8 85931.5077
19 11 8 90167.1593
20 11 8 94402.8109
21 11 8 98638.4626
1 1 9 13925.4300
2 1 9 18161.0816
3 1 9 22396.7333
4 1 9 26632.3849
5 1 9 30868.0365
6 1 9 35103.6881
7 1 9 39339.3398
8 1 9 43574.9914
9 1 9 47810.6430
10 1 9 52046.2947
11 1 9 56281.9463
12 1 9 60517.5979
13 1 9 64753.2495
14 1 9 68988.9012
15 1 9 73224.5528
16 1 9 77460.2044
17 1 9 81695.8560
18 1 9 85931.5077
19 1 9 90167.1593
20 1 9 94402.8109
21 1 9 98638.4626
1 2 9 13925.4300
2 2 9 18161.0816
3 2 9 22396.7333
4 2 9 26632.3849
5 2 9 30868.0365
6 2 9 35103.6881
7 2 9 39339.3398
8 2 9 43574.9914
9 2 9 47810.6430
10 2 9 52046.2947
11 2 9 56281.9463
12 2 9 60517.5979
13 2 9 64753.2495
14 2 9 68988.9012
15 2 9 73224.5528
16 2 9 77460.2044
17 2 9 81695.8560
18 2 9 85931.5077
19 2 9 90167.1593
20 2 9 94402.8109
21 2 9 98638.4626
1 3 9 13925.4300
2 3 9 18161.0816
3 3 9 22396.7333
4 3 9 26632.3849
5 3 9 30868.0365
6 3 9 35103.6881
7 3 9 39339.3398
8 3 9 43574.9914
9 3 9 47810.6430
10 3 9 52046.2947
11 3 9 56281.9463
12 3 9 60517.5979
13 3 9 64753.2495
14 3 9 68988.9012
15 3 9 73224.5528
16 3 9 77460.2044
17 3 9 81695.8560
18 3 9 85931.5077
19 3 9 90167.1593
20 3 9 94402.8109
21 3 9 98638.4626
1 4 9 13925.4300
2 4 9 18161.0816
3 4 9 22396.7333
4 4 9 26632.3849
5 4 9 30868.0365
6 4 9 35103.6881
7 4 9 39339.3398
8 4 9 43574.9914
9 4 9 47810.6430
10 4 9 52046.2947
11 4 9 56281.9463
12 4 9 60517.5979
13 4 9 64753.2495
14 4 9 68988.9012
15 4 9 73224.5528
16 4 9 77460.2044
17 4 9 81695.8560
18 4 9 85931.5077
19 4 9 90167.1593
20 4 9 94402.8109
21 4 9 98638.4626
1 5 9 13925.4300
2 5 9 18161.0816
3 5 9 22396.7333
4 5 9 26632.3849
5 5 9 30868.0365
6 5 9 35103.6881
7 5 9 39339.3398
8 5 9 43574.9914
9 5 9 47810.6430
10 5 9 52046.2947
11 5 9 56281.9463
12 5 9 60517.5979
13 5 9 64753.2495
14 5 9 68988.9012
15 5 9 73224.5528
16 5 9 77460.2044
17 5 9 81695.8560
18 5 9 85931.5077
19 5 9 90167.1593
20 5 9 94402.8109
21 5 9 98638.4626
1 6 9 13925.4300
2 6 9 18161.0816
3 6 9 22396.7333
4 6 9 26632.3849
5 6 9 30868.0365
6 6 9 35103.6881
7 6 9 39339.3398
8 6 9 43574.9914
9 6 9 47810.6430
10 6 9 52046.2947
11 6 9 56281.9463
12 6 9 60517.5979
13 6 9 64753.2495
14 6 9 68988.9012
15 6 9 73224.5528
16 6 9 77460.2044
17 6 9 81695.8560
18 6 9 85931.5077
19 6 9 90167.1593
20 6 9 94402.8109
21 6 9 98638.4626
1 7 9 13925.4300
2 7 9 18161.0816
3 7 9 22396.7333
4 7 9 26632.3849
5 7 9 30868.0365
6 7 9 35103.6881
7 7 9 39339.3398
8 7 9 43574.9914
9 7 9 47810.6430
10 7 9 52046.2947
11 7 9 56281.9463
12 7 9 60517.5979
13 7 9 64753.2495
14 7 9 68988.9012
15 7 9 73224.5528
16 7 9 77460.2044
17 7 9 81695.8560
18 7 9 85931.5077
19 7 9 90167.1593
20 7 9 94402.8109
21 7 9 98638.4626
1 8 9 13925.4300
2 8 9 18161.0816
3 8 9 22396.7333
4 8 9 26632.3849
5 8 9 30868.0365
6 8 9 35103.6881
7 8 9 39339.3398
8 8 9 43574.9914
9 8 9 47810.6430
10 8 9 52046.2947
11 8 9 56281.9463
12 8 9 60517.5979
13 8 9 64753.2495
14 8 9 68988.9012
15 8 9 73224.5528
16 8 9 77460.2044
17 8 9 81695.8560
18 8 9 85931.5077
19 8 9 90167.1593
20 8 9 94402.8109
21 8 9 98638.4626
1 9 9 13925.4300
2 9 9 18161.0816
3 9 9 22396.7333
4 9 9 26632.3849
5 9 9 30868.0365
6 9 9 35103.6881
7 9 9 39339.3398
8 9 9 43574.9914
9 9 9 47810.6430
10 9 9 52046.2947
11 9 9 56281.9463
12 9 9 60517.5979
13 9 9 64753.2495
14 9 9 68988.9012
15 9 9 73224.5528
16 9 9 77460.2044
17 9 9 81695.8560
18 9 9 85931.5077
19 9 9 90167.1593
20 9 9 94402.8109
21 9 9 98638.4626
1 10 9 13925.4300
2 10 9 18161.0816
3 10 9 22396.7333
4 10 9 26632.3849
5 10 9 30868.0365
6 10 9 35103.6881
7 10 9 39339.3398
8 10 9 43574.9914
9 10 9 47810.6430
10 10 9 52046.2947
11 10 9 56281.9463
12 10 9 60517.5979
13 10 9 64753.2495
14 10 9 68988.9012
15 10 9 73224.5528
16 10 9 77460.2044
17 10 9 81695.8560
18 10 9 85931.5077
19 10 9 90167.1593
20 10 9 94402.8109
21 10 9 98638.4626
1 11 9 13925.4300
2 11 9 18161.0816
3 11 9 22396.7333
4 11 9 26632.3849
5 11 9 30868.0365
6 11 9 35103.6881
7 11 9 39339.3398
8 11 9 43574.9914
9 11 9 47810.6430
10 11 9 52046.2947
11 11 9 56281.9463
12 11 9 60517.5979
13 11 9 64753.2495
14 11 9 68988.9012
15 11 9 73224.5528
16 11 9 77460.2044
17 11 9 81695.8560
18 11 9 85931.5077
19 11 9 90167.1593
20 11 9 94402.8109
21 11 9 98638.4626
1 1 10 13925.4300
2 1 10 18161.0816
3 1 10 22396.7333
4 1 10 26632.3849
5 1 10 30868.0365
6 1 10 35103.6881
7 1 10 39339.3398
8 1 10 43574.9914
9 1 10 47810.6430
10 1 10 52046.2947
11 1 10 56281.9463
12 1 10 60517.5979
13 1 10 64753.2495
14 1 10 68988.9012
15 1 10 73224.5528
16 1 10 77460.2044
17 1 10 81695.8560
18 1 10 85931.5077
19 1 10 90167.1593
20 1 10 94402.8109
21 1 10 98638.4626
1 2 10 13925.4300
2 2 10 18161.0816
3 2 10 22396.7333
4 2 10 26632.3849
5 2 10 30868.0365
6 2 10 35103.6881
7 2 10 39339.3398
8 2 10 43574.9914
9 2 10 47810.6430
10 2 10 52046.2947
11 2 10 56281.9463
12 2 10 60517.5979
13 2 10 64753.2495
14 2 10 68988.9012
15 2 10 73224.5528
16 2 10 77460.2044
17 2 10 81695.8560
18 2 10 85931.5077
19 2 10 90167.1593
20 2 10 94402.8109
21 2 10 98638.4626
1 3 10 13925.4300
2 3 10 18161.0816
3 3 10 22396.7333
4 3 10 26632.3849
5 3 10 30868.0365
6 3 10 35103.6881
7 3 10 39339.3398
8 3 10 43574.9914
9 3 10 47810.6430
10 3 10 52046.2947
11 3 10 56281.9463
12 3 10 60517.5979
13 3 10 64753.2495
14 3 10 68988.9012
15 3 10 73224.5528
16 3 10 77460.2044
17 3 10 81695.8560
18 3 10 85931.5077
19 3 10 90167.1593
20 3 10 94402.8109
21 3 10 98638.4626
1 4 10 13925.4300
2 4 10 18161.0816
3 4 10 22396.7333
4 4 10 26632.3849
5 4 10 30868.0365
6 4 10 35103.6881
7 4 10 39339.3398
8 4 10 43574.9914
9 4 10 47810.6430
10 4 10 52046.2947
11 4 10 56281.9463
12 4 10 60517.5979
13 4 10 64753.2495
14 4 10 68988.9012
15 4 10 73224.5528
16 4 10 77460.2044
17 4 10 81695.8560
18 4 10 85931.5077
19 4 10 90167.1593
20 4 10 94402.8109
21 4 10 98638.4626
1 5 10 13925.4300
2 5 10 18161.0816
3 5 10 22396.7333
4 5 10 26632.3849
5 5 10 30868.0365
6 5 10 35103.6881
7 5 10 39339.3398
8 5 10 43574.9914
9 5 10 47810.6430
10 5 10 52046.2947
11 5 10 56281.9463
12 5 10 60517.5979
13 5 10 64753.2495
14 5 10 68988.9012
15 5 10 73224.5528
16 5 10 77460.2044
17 5 10 81695.8560
18 5 10 85931.5077
19 5 10 90167.1593
20 5 10 94402.8109
21 5 10 98638.4626
1 6 10 13925.4300
2 6 10 18161.0816
3 6 10 22396.7333
4 6 10 26632.3849
5 6 10 30868.0365
6 6 10 35103.6881
7 6 10 39339.3398
8 6 10 43574.9914
9 6 10 47810.6430
10 6 10 52046.2947
11 6 10 56281.9463
12 6 10 60517.5979
13 6 10 64753.2495
14 6 10 68988.9012
15 6 10 73224.5528
16 6 10 77460.2044
17 6 10 81695.8560
18 6 10 85931.5077
19 6 10 90167.1593
20 6 10 94402.8109
21 6 10 98638.4626
1 7 10 13925.4300
2 7 10 18161.0816
3 7 10 22396.7333
4 7 10 26632.3849
5 7 10 30868.0365
6 7 10 35103.6881
7 7 10 39339.3398
8 7 10 43574.9914
9 7 10 47810.6430
10 7 10 52046.2947
11 7 10 56281.9463
12 7 10 60517.5979
13 7 10 64753.2495
14 7 10 68988.9012
15 7 10 73224.5528
16 7 10 77460.2044
17 7 10 81695.8560
18 7 10 85931.5077
19 7 10 90167.1593
20 7 10 94402.8109
21 7 10 98638.4626
1 8 10 13925.4300
2 8 10 18161.0816
3 8 10 22396.7333
4 8 10 26632.3849
5 8 10 30868.0365
6 8 10 35103.6881
7 8 10 39339.3398
8 8 10 43574.9914
9 8 10 47810.6430
10 8 10 52046.2947
11 8 10 56281.9463
12 8 10 60517.5979
13 8 10 64753.2495
14 8 10 68988.9012
15 8 10 73224.5528
16 8 10 77460.2044
17 8 10 81695.8560
18 8 10 85931.5077
19 8 10 90167.1593
20 8 10 94402.8109
21 8 10 98638.4626
1 9 10 13925.4300
2 9 10 18161.0816
3 9 10 22396.7333
4 9 10 26632.3849
5 9 10 30868.0365
6 9 10 35103.6881
7 9 10 39339.3398
8 9 10 43574.9914
9 9 10 47810.6430
10 9 10 52046.2947
11 9 10 56281.9463
12 9 10 60517.5979
13 9 10 64753.2495
14 9 10 68988.9012
15 9 10 73224.5528
16 9 10 77460.2044
17 9 10 81695.8560
18 9 10 85931.5077
19 9 10 90167.1593
20 9 10 94402.8109
21 9 10 98638.4626
1 10 10 13925.4300
2 10 10 18161.0816
3 10 10 22396.7333
4 10 10 26632.3849
5 10 10 30868.0365
6 10 10 35103.6881
7 10 10 39339.3398
8 10 10 43574.9914
9 10 10 47810.6430
10 10 10 52046.2947
11 10 10 56281.9463
12 10 10 60517.5979
13 10 10 64753.2495
14 10 10 68988.9012
15 10 10 73224.5528
16 10 10 77460.2044
17 10 10 81695.8560
18 10 10 85931.5077
19 10 10 90167.1593
20 10 10 94402.8109
21 10 10 98638.4626
1 11 10 13925.4300
2 11 10 18161.0816
3 11 10 22396.7333
4 11 10 26632.3849
5 11 10 30868.0365
6 11 10 35103.6881
7 11 10 39339.3398
8 11 10 43574.9914
9 11 10 47810.6430
10 11 10 52046.2947
11 11 10 56281.9463
12 11 10 60517.5979
13 11 10 64753.2495
14 11 10 68988.9012
15 11 10 73224.5528
16 11 10 77460.2044
17 11 10 81695.8560
18 11 10 85931.5077
19 11 10 90167.1593
20 11 10 94402.8109
21 11 10 98638.4626
1 1 11 13925.4300
2 1 11 18161.0816
3 1 11 22396.7333
4 1 11 26632.3849
5 1 11 30868.0365
6 1 11 35103.6881
7 1 11 39339.3398
8 1 11 43574.9914
9 1 11 47810.6430
10 1 11 52046.2947
11 1 11 56281.9463
12 1 11 60517.5979
13 1 11 64753.2495
14 1 11 68988.9012
15 1 11 73224.5528
16 1 11 77460.2044
17 1 11 81695.8560
18 1 11 85931.5077
19 1 11 90167.1593
20 1 11 94402.8109
21 1 11 98638.4626
1 2 11 13925.4300
2 2 11 18161.0816
3 2 11 22396.7333
4 2 11 26632.3849
5 2 11 30868.0365
6 2 11 35103.6881
7 2 11 39339.3398
8 2 11 43574.9914
9 2 11 47810.6430
10 2 11 52046.2947
11 2 11 56281.9463
12 2 11 60517.5979
13 2 11 64753.2495
14 2 11 68988.9012
15 2 11 73224.5528
16 2 11 77460.2044
17 2 11 81695.8560
18 2 11 85931.5077
19 2 11 90167.1593
20 2 11 94402.8109
21 2 11 98638.4626
1 3 11 13925.4300
2 3 11 18161.0816
3 3 11 22396.7333
4 3 11 26632.3849
5 3 11 30868.0365
6 3 11 35103.6881
7 3 11 39339.3398
8 3 11 43574.9914
9 3 11 47810.6430
10 3 11 52046.2947
11 3 11 56281.9463
12 3 11 60517.5979
13 3 11 64753.2495
14 3 11 68988.9012
15 3 11 73224.5528
16 3 11 77460.2044
17 3 11 81695.8560
18 3 11 85931.5077
19 3 11 90167.1593
20 3 11 94402.8109
21 3 11 98638.4626
1 4 11 13925.4300
2 4 11 18161.0816
3 4 11 22396.7333
4 4 11 26632.3849
5 4 11 30868.0365
6 4 11 35103.6881
7 4 11 39339.3398
8 4 11 43574.9914
9 4 11 47810.6430
10 4 11 52046.2947
11 4 11 56281.9463
12 4 11 60517.5979
13 4 11 64753.2495
14 4 11 68988.9012
15 4 11 73224.5528
16 4 11 77460.2044
17 4 11 81695.8560
18 4 11 85931.5077
19 4 11 90167.1593
20 4 11 94402.8109
21 4 11 98638.4626
1 5 11 13925.4300
2 5 11 18161.0816
3 5 11 22396.7333
4 5 11 26632.3849
5 5 11 30868.0365
6 5 11 35103.6881
7 5 11 39339.3398
8 5 11 43574.9914
9 5 11 47810.6430
10 5 11 52046.2947
11 5 11 56281.9463
12 5 11 60517.5979
13 5 11 64753.2495
14 5 11 68988.9012
15 5 11 73224.5528
16 5 11 77460.2044
17 5 11 81695.8560
18 5 11 85931.5077
19 5 11 90167.1593
20 5 11 94402.8109
21 5 11 98638.4626
1 6 11 13925.4300
2 6 11 18161.0816
3 6 11 22396.7333
4 6 11 26632.3849
5 6 11 30868.0365
6 6 11 35103.6881
7 6 11 39339.3398
8 6 11 43574.9914
9 6 11 47810.6430
10 6 11 52046.2947
11 6 11 56281.9463
12 6 11 60517.5979
13 6 11 64753.2495
14 6 11 68988.9012
15 6 11 73224.5528
16 6 11 77460.2044
17 6 11 81695.8560
18 6 11 85931.5077
19 6 11 90167.1593
20 6 11 94402.8109
21 6 11 98638.4626
1 7 11 13925.4300
2 7 11 18161.0816
3 7 11 22396.7333
4 7 11 26632.3849
5 7 11 30868.0365
6 7 11 35103.6881
7 7 11 39339.3398
8 7 11 43574.9914
9 7 11 47810.6430
10 7 11 52046.2947
11 7 11 56281.9463
12 7 11 60517.5979
13 7 11 64753.2495
14 7 11 68988.9012
15 7 11 73224.5528
16 7 11 77460.2044
17 7 11 81695.8560
18 7 11 85931.5077
19 7 11 90167.1593
20 7 11 94402.8109
21 7 11 98638.4626
1 8 11 13925.4300
2 8 11 18161.0816
3 8 11 22396.7333
4 8 11 26632.3849
5 8 11 30868.0365
6 8 11 35103.6881
7 8 11 39339.3398
8 8 11 43574.9914
9 8 11 47810.6430
10 8 11 52046.2947
11 8 11 56281.9463
12 8 11 60517.5979
13 8 11 64753.2495
14 8 11 68988.9012
15 8 11 73224.5528
16 8 11 77460.2044
17 8 11 81695.8560
18 8 11 85931.5077
19 8 11 90167.1593
20 8 11 94402.8109
21 8 11 98638.4626
1 9 11 13925.4300
2 9 11 18161.0816
3 9 11 22396.7333
4 9 11 26632.3849
5 9 11 30868.0365
6 9 11 35103.6881
7 9 11 39339.3398
8 9 11 43574.9914
9 9 11 47810.6430
10 9 11 52046.2947
11 9 11 56281.9463
12 9 11 60517.5979
13 9 11 64753.2495
14 9 11 68988.9012
15 9 11 73224.5528
16 9 11 77460.2044
17 9 11 81695.8560
18 9 11 85931.5077
19 9 11 90167.1593
20 9 11 94402.8109
21 9 11 98638.4626
1 10 11 13925.4300
2 10 11 18161.0816
3 10 11 22396.7333
4 10 11 26632.3849
5 10 11 30868.0365
6 10 11 35103.6881
7 10 11 39339.3398
8 10 11 43574.9914
9 10 11 47810.6430
10 10 11 52046.2947
11 10 11 56281.9463
12 10 11 60517.5979
13 10 11 64753.2495
14 10 11 68988.9012
15 10 11 73224.5528
16 10 11 77460.2044
17 10 11 81695.8560
18 10 11 85931.5077
19 10 11 90167.1593
20 10 11 94402.8109
21 10 11 98638.4626
1 11 11 13925.4300
2 11 11 18161.0816
3 11 11 22396.7333
4 11 11 26632.3849
5 11 11 30868.0365
6 11 11 35103.6881
7 11 11 39339.3398
8 11 11 43574.9914
9 11 11 47810.6430
10 11 11 52046.2947
11 11 11 56281.9463
12 11 11 60517.5979
13 11 11 64753.2495
14 11 11 68988.9012
15 11 11 73224.5528
16 11 11 77460.2044
17 11 11 81695.8560
18 11 11 85931.5077
19 11 11 90167.1593
20 11 11 94402.8109
21 11 11 98638.4626
